19	1525	1528	74.6	42.32	9.46	7.13	10.5	0	380	2.16	43	87	62	0.8	1.3	60	1
28	1667	1668	57.18	32.9	6.5	7.25	6.9	0	388	2.16	30.407	87	62	0.8	0.61	60	1
36	1730	1737	66.48	31.05	7.4	6	8.5	0	380	2.22	28	87	62	0.8	0.98	60	1
40	1772	1776	61.57	28.48	9.43	8.8	11.17	0	348	2.21	28.64	87	62	0.8	0.78	60	1
41	1780	1785	64.9	25.11	10.33	10.102	12.5	0	347	2.17	29.754	87	62	0.8	0.92	60	1
50	1591.5	1597.4	63.74	59.69	10.39	7.16	12.8	0	412	2.21	29.59	85	48	0.8	1.23	68	1
52	1628.13	1630.13	47	51	7.6	6.6	9.2	0	360	2.25	33.3	85	48	0.8	0.77	68	1
54	1650.38	1652.75	56	51.872	8.72	7	9.3	0	416	2.184	28.532	85	48	0.8	1.02	68	1
55	1665.63	1668.75	55.61	52.658	8.7	7.2	10.5	0	407	2.16	29.5	85	48	0.8	1.01	68	1
60	1719.8	1724.63	57.254	50.031	9.179	6.403	10.28	0	376.91	2.16	30.74	85	48	0.8	1.05	68	1
61	1743.5	1752.63	38.7	50.3	14.3	9.417	16.6	0	401.38	2.16	27.51	85	48	0.8	0.55	68	1
63	1767	1774	59.75	50.6	10.5	7.72	13.488	0	356	2.2	29.021	85	48	0.8	1.12	68	1
73	1776	1779	60.095	53.658	12.052	12.83	10.842	0	372.36	2.12	32.06	86	60	0.8	0.8	58	1
79	1879.5	1883	60.36	50.25	7.32	7.18	8	0	376.62	2.14	31.5	86	60	0.8	0.81	58	1
134	1658.7	1661.2	70	62.8	9	9.874	10.8	0	402.18	2.17	28.61	100	64	0.8	0.97	68	1
136	1671	1679	66.6	59.68	14.42	9.5	23	0	414	2.12	23.94	100	64	0.8	0.87	68	1
138	1694	1696.9	65.3	65.6	9.6	8	11.55	0	400.6	2.17	24.07	100	64	0.8	0.84	68	1
142	1727	1730.7	63	65	8.1	6.3	9	0	378.13	2.15	27.53	100	64	0.8	0.77	68	1
148	1566.13	1567.9	64.61	53.51	9.259	6.08	9.5	0	363.68	2.13	25.23	100	52	0.8	1.06	60	1
153	1619.63	1624.9	56.465	56.102	12.382	6.561	13	0	399	2.083	27.037	100	52	0.8	0.89	60	1
159	1680	1682.7	65.282	54.61	6.27	5.365	8	0	412	2.12	25.195	100	52	0.8	1.08	60	1
160	1687.5	1697.75	40.277	54.23	37.285	14.124	39.5	0	419.31	2.075	26.781	100	52	0.8	0.56	60	1
166	1792.5	1796.2	57.2	53.07	10.75	6.177	11	0	354	2.098	30.775	100	52	0.8	0.91	60	1
170	1856.3	1861.25	64.34	50.195	6.356	4.8	6.8	0	383.25	2.139	26.024	100	52	0.8	1.06	60	1
182	1619.5	1624	52.83	14.75	9	2.87	9.7	0	346	2.18	27.18	90	55	0.8	0.74	33	1
189	1710.5	1720	57	19	6.09	1.901	6.47	0	380	2.12	29.52	90	55	0.8	0.86	33	1
194	1446.6	1449.13	82.7	62.347	10.528	6.162	0	0	471.059	2.108	30.761	123	68	0.8	1.07	71	1
201	1529.5	1534.5	88.714	62.633	7.7	4.67	0	0	359.91	2.22	30.472	123	68	0.8	1.18	71	1
210	1685	1690	54	25	10.4	6.727	0	16.52	431	0	0	95	52	0.8	0.85	80	1
211	1690	1692	51	11.76	11.77	6.46	0	11.404	380	0	0	95	52	0.8	0.78	81	1
212	2183.2	2195.4	71.513	24.88	22	21	31	13	397	2.078	27.53	97	63	0.8	1.05	45	1
215	2221.9	2225.6	72.62	28.18	11.81	12.47	9.1	9.47	404	2.086	28.053	97	63	0.8	1.08	45	1
218	1713	1715	0	85.6	9.4	5.56	0	8.13	0	0	0	0	0	0	0	90	1
221	1651	1654	0	48	7.2	0	6.7	0	322	0	0	0	0	0	0	97	1
222	1632	1645	0	58	5.9	0	6.95	0	350	0	0	0	0	0	0	97	1
226	1618.6	1620.3	38.19	60.643	9	6.8	10.8	8.095	358.2	2.19	31.21	85	47	0.8	0.57	74	1
227	1637.6	1641.6	52.72	59.19	8.2	6.7	10.16	7.502	391	2.209	33.8	85	47	0.8	0.95	74	1
228	1650.6	1653.4	53.84	60.27	8.49	7	10.5	7.75	400.28	2.18	33.21	85	47	0.8	0.98	74	1
231	1702	1706	44.705	56.309	9.7	6.747	11	8.271	371.6	2.198	32	85	47	0.8	0.74	74	1
232	1719	1728.5	37.38	62	28.62	17.029	34	20.38	399	2.12	28	85	47	0.8	0.55	74	1
233	1733.5	1738.3	48	63.12	15	6.96	19	11.025	377	2.16	29	85	47	0.8	0.83	74	1
234	1740.4	1750	46.212	62.26	15.273	9.72	19.68	11.7	374	2.14	33.09	85	47	0.8	0.78	74	1
235	1551.9	1556	65.213	40.1	16.5	9.389	13.235	9.66	430.51	2.082	27.61	90	58	0.8	1.03	60.3	1
237	1592.5	1597.3	62.68	41.58	10.2	8.85	12.5	8.227	388.6	2.16	34.58	90	58	0.8	0.95	60.3	1
238	1651.3	1653	64.78	36.32	8.7	6.7	10	9.08	376	2.17	35.5	90	58	0.8	1.01	60.3	1
240	1686.7	1693.2	63.88	28.41	10.07	8.97	12.5	10.437	352	2.228	30.887	90	58	0.8	0.98	60.3	1
241	1705.2	1712.2	61.68	26.23	12.71	7.92	14.5	7.642	351.58	2.23	29	90	58	0.8	0.92	60.3	1
243	1758.2	1767.1	54.614	25.508	14.084	7.79	17	7.188	357	2.201	32	90	58	0.8	0.69	60.3	1
244	1551.7	1554.8	61	46.385	13	8.228	15	0	387	2.13	35.8	95	55	0.8	0.95	60.6	1
248	1678.3	1680.5	56.29	21.4	10	6.63	12	0	363	2.18	32.37	95	55	0.8	0.83	60.6	1
252	1719	1725	65.551	39.772	10.48	7.176	12	0	352	2.208	31	95	55	0.8	1.06	60.6	1
272	1721.9	1728	59.11	29.757	6.84	4.248	0	5.98	407	0	0	90	58	0.8	0.83	52	1
273	1750.3	1754	40.117	27.47	12.26	6.8	0	9.9	384	0	0	90	58	0.8	0.24	52	1
4	1632.13	1638.2	67.5	68.039	6.8	4.4	7	0	375	2.094	29.97	87	50	0.8	1.27	82	2
12	1770.5	1780.38	56.6	66.145	5.13	4.205	6.2	0	371.5	2.17	28.48	87	50	0.8	0.98	82	2
21	1575	1579.13	61	37	7	7.09	8	0	368	2.16	32.3	87	62	0.8	0.76	60	2
31	1682	1685	59	29.5	5.4	5.84	6.1	0	356	2.22	33.34	87	62	0.8	0.68	60	2
39	1760.75	1765	60.54	29.291	6.2	7.4	8.5	0	341	2.28	29.984	87	62	0.8	0.74	60	2
42	1785	1789	58	25.2	5.4	6.5	6.2	0	350	2.23	34.27	87	62	0.8	0.64	60	2
48	1557.88	1568.13	52	61.223	7.8	4.84	10.4	0	354	2.16	32.1	85	48	0.8	0.91	68	2
62	1758.5	1763	65.922	49.954	7.74	6.4	10.57	0	348.96	2.24	28.426	85	48	0.8	1.28	68	2
64	1777	1782	59.307	51.235	5.937	5.562	7.258	0	332.4	2.22	32.216	85	48	0.8	1.11	68	2
70	1718.5	1723	74	50.94	4.2	4.38	4.95	0	377	2.16	36.24	86	60	0.8	1.34	58	2
74	1788	1800	63.6	58.29	5.7	5.1	7.4	0	367.84	2.12	34.26	86	60	0.8	0.94	58	2
76	1824.1	1827.5	62.36	57.07	6.58	5.78	8	0	362.34	2.14	31.258	86	60	0.8	0.89	58	2
122	1518.5	1521.3	64	70.19	7.1	7.604	9.2	0	335	2.23	23.67	100	64	0.8	0.8	68	2
126	1553	1557	69	68	7.2	6.05	9.6	0	398	2.14	31.9	100	64	0.8	0.94	68	2
127	1564.1	1568	67.6	67	7.8	9.7	9.8	0	362	2.11	30.84	100	64	0.8	0.9	68	2
128	1587	1590.9	58	68.66	8.5	5	10.5	0	378	2.11	32.1	100	64	0.8	0.63	68	2
137	1682	1685	65	63	9.2	10	12	0	330	2.3	27.61	100	64	0.8	0.83	68	2
139	1697	1703	70.07	67.55	6	5.68	8	0	355	2.2	29.11	100	64	0.8	0.97	68	2
140	1706.4	1710.4	64.3	67	4.92	4.4	5.9	0	381	2.17	29.55	100	64	0.8	0.81	68	2
144	1753	1754.5	55	60.23	7.9	10.292	8.7	0	346	2.239	25.47	100	64	0.8	0.55	68	2
146	1764	1773.7	59.18	53.48	6.9	8.6	9.2	0	347	2.22	27.439	100	64	0.8	0.67	68	2
149	1567.9	1569.25	65.72	51.8	7.17	5.28	7.8	0	367.2	2.14	29.23	100	52	0.8	1.09	60	2
150	1570.75	1581.885	57.58	59.727	6.539	4.716	7.4	0	352	2.102	28.406	100	52	0.8	0.92	60	2
151	1586	1595	59.109	60.123	7.324	4.935	8	0	347.62	2.093	29.01	100	52	0.8	0.95	60	2
164	1758.13	1761.5	66	51.87	5.15	3.9	5.8	0	368.37	2.15	28.87	100	52	0.8	1.09	60	2
167	1796.2	1798.3	57.949	54.786	7.18	5	8	0	360.37	2.08	31.612	100	52	0.8	0.92	60	2
172	1879.25	1885.5	58.29	49.76	5.947	4.784	6.2	0	369.87	2.152	26.97	100	52	0.8	0.93	60	2
175	1560	1562.5	75	24	8.9	2.249	10	0	392	2.29	29.46	90	55	0.8	1.37	33	2
176	1564	1573	64	21	7.5	2.765	8.4	0	423	2.16	24.65	90	55	0.8	1.06	33	2
180	1607	1610.5	64.61	16.85	7.2	2.51	8.5	0	378	2.2	30.953	90	55	0.8	1.07	33	2
184	1644.5	1647	66	19.8	8.5	2.836	9	0	359	2.17	30.98	90	55	0.8	1.11	33	2
186	1657	1664	56	19	8.2	2.8	8.7	0	354	2.15	25.226	90	55	0.8	0.83	33	2
187	1686	1691.5	58	19	6.86	1.956	7.5	0	356	2.14	28.1	90	55	0.8	0.89	33	2
214	2263.9	2274.8	73	22	6.2	7.11	8.3	7.38	369	2.22	23.43	97	63	0.8	1.09	45	2
217	2302	2324	71.84	20.26	6	7.034	8.576	7.953	364	2.202	22.39	97	63	0.8	1.06	45	2
225	1558.6	1564.9	62.4	62.62	5.02	4.526	6.4	4.86	344	2.29	33.149	85	47	0.8	1.21	74	2
229	1675.6	1681.9	53.913	60.36	7	5	7.5	6.06	408.9	2.17	34	85	47	0.8	0.98	74	2
230	1686.3	1689.9	46.91	59.21	5.424	4.467	6.02	5.02	391.32	2.18	34.78	85	47	0.8	0.8	74	2
242	1738	1741	58.15	22	8	6.02	8.5	7.07	387	2.18	33.05	90	58	0.8	0.8	60.3	2
245	1561	1566.1	59.12	47.3	7.871	5.637	8.2	0	362	2.158	32	95	55	0.8	0.9	60.6	2
247	1625.1	1630.6	62.7	45.46	7.66	5.62	9.2	0	380.5	2.16	36.87	95	55	0.8	0.99	60.6	2
249	1682.6	1688	57.3	39.015	7.519	5.775	8	0	357.7	2.16	31.83	95	55	0.8	0.86	60.6	2
250	1691.5	1695.1	69.875	43.9	7.535	5.674	8	0	342.68	2.235	30.859	95	55	0.8	1.17	60.6	2
251	1708.6	1714	66.465	42.72	7.71	5.474	8.5	0	360	2.152	34	95	55	0.8	1.09	60.6	2
253	1723	1728	57	43.19	7.6	5.584	8.5	0	351.56	2.2	34.8	95	55	0.8	0.85	60.6	2
254	1732.4	1737	60.805	44	7.5	5.75	8.5	0	368	2.154	33.14	95	55	0.8	0.95	60.6	2
257	1581	1595	62	62.08	8.6	6.45	10.7	0	372	2.088	32.57	91	55	0.8	0.99	72	2
258	1643.6	1649	67.8	59.39	5.695	5.38	7.2	0	371	2.12	32.8	91	55	0.8	1.16	72	2
259	1530.7	1533.9	63.63	69.78	5.5	4.684	6.13	0	371.9	2.112	33.9	95	50	0.8	1.1	77	2
260	1544.6	1549.4	56	70.1	6.5	5.54	8.112	0	367	2.13	28.43	95	50	0.8	0.93	77	2
261	1564.4	1576.5	56.5	69.2	6.48	5.86	7.5	0	378.7	2.088	33	95	50	0.8	0.94	77	2
263	1606.1	1616.5	51.4	68.6	5.8	4.6	6.6	0	360	2.1	29.5	95	50	0.8	0.83	77	2
264	1669.2	1687.6	54.8	68	6.308	5.828	7.2	0	373	2.061	33.607	95	50	0.8	0.91	77	2
265	1764.5	1774.5	36.95	67.3	5.2	4.56	6	0	370	2.11	30	95	50	0.8	0.51	77	2
266	1791.9	1808.3	57.7	65.16	4.8	4.5	5.5	0	353	2.15	30.64	95	50	0.8	0.97	77	2
268	1654.9	1659.7	51.422	33.8	6.46	4.74	0	5.93	387	0	0	90	58	0.8	0.59	52	2
269	1666	1673.8	56.3	33	5.74	4.035	0	5.7	377	0	0	90	58	0.8	0.75	52	2
270	1677.9	1683.9	69.84	35.86	5.31	3.784	0	4.86	392	0	0	90	58	0.8	1.17	52	2
271	1698.2	1703.8	53.4	25.91	6.66	4.47	0	5.86	390	0	0	90	58	0.8	0.66	52	2
275	1773	1782	69	30.42	7.81	5.15	0	6.727	350	0	0	90	58	0.8	1.14	52	2
1	1585.88	1597.13	59.55	71.521	5.95	4.8	7.2	0	372.4	2.15	25	87	50	0.8	1.06	82	0
2	1597.13	1607.5	57.71	74.139	6.54	5.08	8.3	0	372.25	2.17	23.888	87	50	0.8	1.01	82	0
3	1616.63	1627.8	60.847	70.256	5.7	4.84	7.6	0	377.16	2.101	29.764	87	50	0.8	1.09	82	0
5	1638.2	1645.88	67.28	69	4.96	4.39	6.92	0	380.05	2.091	29.1	87	50	0.8	1.27	82	0
6	1649	1665.38	58.53	70.03	5.07	4.16	6.3	0	355.8	2.214	23.207	87	50	0.8	1.03	82	0
7	1685.88	1693.5	64.419	65.94	4.094	3.506	5.189	0	378.1	2.11	30.419	87	50	0.8	1.19	82	0
8	1701	1721.63	55	68.725	4.97	4.49	6.04	0	382.4	2.11	27.17	87	50	0.8	0.94	82	0
9	1726.38	1745.88	56.5	70.019	5.48	4.918	6.85	0	379.83	2.2	27.66	87	50	0.8	0.98	82	0
10	1748	1753.5	52.66	70.229	4.72	4.336	6.3	0	380.337	2	27.21	87	50	0.8	0.87	82	0
11	1757.25	1761.63	55.17	70.695	4.45	4.119	5.96	0	369.9	2.13	27.33	87	50	0.8	0.94	82	0
13	1782.38	1802.13	47.75	66.448	4.63	4.08	5.82	0	385.17	2.117	27.73	87	50	0.8	0.74	82	0
14	1807.73	1819.5	65.041	64.37	4.155	3.928	5.34	0	356.83	2.218	27.65	87	50	0.8	1.21	82	0
15	1866.63	1918.88	64.9	59.47	3.47	3.43	4.23	0	372.24	2.13	27.16	87	50	0.8	1.2	82	0
20	1545	1560	58.1	38.8	5.4	5.88	6.2	0	373	2.18	33.8	87	62	0.8	0.64	60	0
22	1579.13	1582	60	39	5.42	5.8	7	0	358	2.23	37.61	87	62	0.8	0.72	60	0
23	1592	1602	60.32	44.4	4.2	4.9	5	0	364	2.23	31.84	87	62	0.8	0.73	60	0
24	1628	1633	62.27	37.22	4.35	4.69	6	0	373	2.22	32.9	87	62	0.8	0.81	60	0
26	1642	1645	48	24.2	4.4	5.78	6.5	0	334	2.31	35.64	87	62	0.8	0.24	60	0
27	1652	1663	57	26.7	4.13	5	4.7	0	384	2.15	33.1	87	62	0.8	0.6	60	0
29	1668	1673	57.05	30.54	5.2	6.061	6.654	0	367	2.2	35.71	87	62	0.8	0.6	60	0
32	1687	1692	67	35.8	4.4	5.37	5.2	0	334	2.33	28.54	87	62	0.8	1	60	0
34	1710.25	1715	62.3	12.5	4.65	5.48	6	0	355	2.25	32.423	87	62	0.8	0.81	60	0
35	1718	1724	60.8	35	4.83	5.77	5.81	0	344	2.25	30.106	87	62	0.8	0.75	60	0
37	1745	1749	66.73	38.58	4.3	5.1	5.2	0	340	2.27	29.84	87	62	0.8	0.99	60	0
43	1797	1807	52.616	18.09	4.2	5.4	4.8	0	357	2.14	32.545	87	62	0.8	0.42	60	0
44	1811	1817	51	18.9	4.2	5.584	4.945	0	340	2.19	32.4	87	62	0.8	0.36	60	0
45	1489.3	1493.3	58.18	58.71	5.7	4.2	7.2	0	332	2.179	31.2	85	48	0.8	1.08	68	0
46	1499.4	1504.3	55.73	64.83	7.89	5.12	8.89	0	372	2.14	33	85	48	0.8	1.01	68	0
47	1521.9	1528.8	55.3	59.123	6.26	5.35	7.8	0	325.28	2.18	33.5	85	48	0.8	1	68	0
49	1574.39	1587	58.49	57.16	4.811	4.26	6.3	0	365	2.2	31	85	48	0.8	1.08	68	0
53	1631.75	1644.75	53.112	51.125	5.58	5.011	7.32	0	353	2.21	33.05	85	48	0.8	0.94	68	0
56	1673.39	1677.88	64.04	53.026	5.961	5.501	7.3	0	347.81	2.29	32.26	85	48	0.8	1.23	68	0
58	1695.5	1698.5	51.417	51.69	7.54	7.3	7.31	0	345.3	2.23	29.72	85	48	0.8	0.89	68	0
59	1700.5	1711.5	50.91	51.33	4.96	4.45	5.7	0	347	2.21	31	85	48	0.8	0.88	68	0
65	1784	1791	47.58	51.13	4.912	4.071	6.068	0	351.7	2.191	29.69	85	48	0.8	0.79	68	0
66	1800	1800	50.3	55.48	5.225	4.822	6.216	0	326.436	2.234	33.361	85	48	0.8	0.86	68	0
67	1650	1666	68.06	54.56	6.4	5.65	8.76	0	375	2.169	31.113	86	60	0.8	1.11	58	0
68	1685	1694.5	62.56	57.223	6.1	5.67	8.4	0	380.46	2.1	33.79	86	60	0.8	0.9	58	0
69	1698	1706	62.02	56.317	5.5	4.8	7.5	0	377.65	2.1	35.76	86	60	0.8	0.88	58	0
71	1723	1737.5	57.212	51.34	5	4.9	6.5	0	353	2.22	25.293	86	60	0.8	0.69	58	0
72	1755.5	1763	63.095	51.94	4.6	3.9	5.8	0	367	2.13	33.46	86	60	0.8	0.92	58	0
75	1810	1817.5	52.79	53.69	4.87	4.58	6.28	0	347.41	2.15	33.013	86	60	0.8	0.52	58	0
77	1844.5	1850.5	64.68	54.05	5.4	4.59	6.9	0	362.77	2.15	33.4	86	60	0.8	0.98	58	0
78	1861	1875.5	58.36	51.68	5.2	4.51	6.9	0	367	2.15	33.1	86	60	0.8	0.74	58	0
80	1883	1891.5	62.47	49.64	4.25	4.1	5.6	0	369	2.19	35.628	86	60	0.8	0.9	58	0
81	1908	1921.5	59.61	45.63	3.64	3.9	4.58	0	358.25	2.2	31.8	86	60	0.8	0.79	58	0
82	1931	1966	51.86	44.29	4.62	4.715	5.7	0	354.16	2.154	31.136	86	60	0.8	0.49	58	0
83	1483.6	1508	76	39.652	5.4	5.75	7.54	0	371.935	2.089	28.321	95	60	0.8	1.26	50	0
84	1514	1526.38	70	38.28	6.48	6.4	10.2	0	349.87	2.076	31.694	95	60	0.8	1.09	50	0
85	1532	1547.7	68.84	38.95	6.2	6.27	10.2	0	371.533	2.102	27.635	95	60	0.8	1.05	50	0
86	1555	1565.38	70.6	36.01	4.29	4.74	7.34	0	327.405	2.231	24.57	95	60	0.8	1.1	50	0
87	1570.5	1574.5	78	38.29	5	5.725	8.6	0	378.53	2.053	29.26	95	60	0.8	1.31	50	0
88	1579.6	1595.3	68	33.86	4.824	5.011	8.7	0	346.12	2.16	24.92	95	60	0.8	1.03	50	0
89	1601.63	1621.68	64	35	4.534	4.906	8.7	0	351.73	2.048	30.22	95	60	0.8	0.91	50	0
90	1626.5	1636	70	36.25	5.24	6	10.3	0	363.34	2.097	27.708	95	60	0.8	1.09	50	0
91	1641	1650	72	36.64	4.928	5.65	10.063	0	362.17	2.079	29.051	95	60	0.8	1.14	50	0
92	1667	1689.88	69	32.9	4.46	5.4	8.39	0	348.5	2.115	26.72	95	60	0.8	1.06	50	0
93	1695.88	1699.88	74	29.652	4.215	4.858	8.1	0	368.672	2.249	25.18	95	60	0.8	1.2	50	0
94	1699.88	1709.38	57	30.372	4.413	3.61	9	0	358.796	2.1	25.18	95	60	0.8	0.71	50	0
95	1724.5	1730.5	51.37	29.163	3.744	3.465	6.19	0	354.795	2.116	25.146	95	60	0.8	0.55	50	0
96	1739.38	1744	70	29.703	4.38	5.821	8.4	0	340.9	2.17	29.86	95	60	0.8	1.09	50	0
97	1749.8	1756	70	26.503	4.11	4.547	8.2	0	342.464	2.172	26.97	95	60	0.8	1.09	50	0
98	1760.88	1830	65	22.217	4.6	6.64	9.574	0	340.448	2.127	26.058	95	60	0.8	0.94	50	0
99	1524.25	1540.63	63	64.67	5.66	5.13	7	0	359.82	2.08	31.29	92	55	0.8	1.02	58	0
100	1544.75	1550.75	67	62	5.06	4.7	6.5	0	367.48	2.05	32.207	92	55	0.8	1.12	58	0
101	1559	1573.63	60	63.6187	5.852	4.822	7.4	0	364.379	2.072	35.58	92	55	0.8	0.94	58	0
102	1583.63	1589.5	62	57.17	4.09	3.73	5	0	345.66	2.14	29.658	92	55	0.8	0.99	58	0
103	1616.38	1621	60	54.78	3.81	3.4	4.7	0	348	2.117	32.48	92	55	0.8	0.94	58	0
104	1627.23	1647.75	60	32.34	4.9	4.089	5.9	0	361.24	2.091	34.61	92	55	0.8	0.94	58	0
105	1652	1672	60	62.48	5	4.268	6	0	354.36	2.07	33.11	92	55	0.8	0.94	58	0
106	1679.75	1682.5	60	62.48	4.86	4.2	6	0	360.36	2.05	34.92	92	55	0.8	0.94	58	0
107	1692.88	1715.88	57	59.16	4	3.5	4.768	0	360	2.069	35.315	92	55	0.8	0.85	58	0
108	1724.35	1730.75	57	58.88	4.33	3.7	5.4	0	358.64	2.098	33.081	92	55	0.8	0.85	58	0
109	1754	1770.25	63	54.74	3.35	3	4.1	0	345.72	2.148	31.812	92	55	0.8	1.02	58	0
110	1775.8	1783.5	61	52.183	3.8	3.436	4.3	0	353.88	2.1	32.687	92	55	0.8	0.96	58	0
111	1538	1563.8	64.918	45.37	7.4	5.37	7.13	0	377	2.12	34.808	95	60	0.8	0.94	58	0
112	1574.8	1582	63.98	42.8	7.74	5.54	7.6	0	375.75	2.09	37.31	95	60	0.8	0.91	58	0
113	1590.5	1603.75	58.188	42.317	6.902	5.202	6.6	0	374.43	2.091	34.86	95	60	0.8	0.75	58	0
114	1605.88	1622.88	66.609	43.364	5.659	4.505	5.56	0	352.68	2.17	33.54	95	60	0.8	0.99	58	0
115	1630	1635.5	66	43.68	5.7	4.48	5.6	0	380.87	2.09	35.305	95	60	0.8	0.97	58	0
116	1657.85	1699.38	60.617	41.751	5.294	4.356	5.222	0	382.62	2.092	35.654	95	60	0.8	0.82	58	0
117	1705.88	1710.25	59.37	41.318	5.232	4.312	5.417	0	380.93	2.124	32.113	95	60	0.8	0.78	58	0
118	1714	1718.13	61.54	39.97	4.91	4.108	5	0	368.06	2.124	32.113	95	60	0.8	0.84	58	0
119	1727.63	1758.13	64	38.655	4.996	4.254	5	0	377.87	2.11	36.107	95	60	0.8	0.91	58	0
120	1763.25	1775.38	65	37.68	5.29	4.58	5.5	0	372.56	2.114	33.809	95	60	0.8	0.94	58	0
121	1819.88	1828.5	68	29.95	3.62	3.41	3.69	0	380.5	2.099	37.171	95	60	0.8	1.03	58	0
123	1524.5	1529.5	73	70.1	7.5	6.13	7.3	0	335	2.118	28.31	100	64	0.8	1.05	68	0
124	1543.2	1545.1	64.9	66.54	6.1	3.93	8.4	0	354	2.22	24.931	100	64	0.8	0.83	68	0
125	1546.1	1550.9	64.9	66.54	6.1	3.93	8.4	0	354	2.22	24.931	100	64	0.8	0.83	68	0
129	1590.9	1601	57.68	69.65	4.7	4.732	6.6	0	361	2.18	29.1	100	64	0.8	0.62	68	0
133	1639.5	1655	69.3	60.51	6.7	8.7	9	0	323	2.31	31.2	100	64	0.8	0.95	68	0
135	1661.1	1667.8	60.88	60.33	5.9	6.3	8	0	346	2.15	28.53	100	64	0.8	0.71	68	0
141	1710.4	1722.7	62	66	3.78	4.95	4.6	0	370	2.15	30.543	100	64	0.8	0.74	68	0
143	1730.73	1732.5	63	63	5	5.79	6.3	0	355	2.25	26.89	100	64	0.8	0.77	68	0
145	1754.5	1762	61	53	5.4	8.1	6.7	0	340	2.25	26.246	100	64	0.8	0.72	68	0
147	1773.7	1785.8	64	58.972	5.47	6.4	7.6	0	343	2.23	25.902	100	64	0.8	0.8	68	0
154	1624.95	1630.4	53.238	59.192	6.624	4.69	7.3	0	385.436	2.106	28.768	100	52	0.8	0.83	60	0
155	1635.5	1642.25	57.93	55.594	4.88	3.7	5.5	0	377.18	2.138	28.71	100	52	0.8	0.92	60	0
156	1648.13	1653.5	63.25	53.298	3.915	3.18	4.5	0	362.68	2.187	27.237	100	52	0.8	1.03	60	0
157	1663.63	1666.38	65.863	53.38	3.477	2.94	3.9	0	381.25	2.172	29.325	100	52	0.8	1.09	60	0
161	1703.1	1730.13	51.641	57	5.82	4.59	6.542	0	385.25	2.106	28.792	100	52	0.8	0.79	60	0
162	1734.15	1742.5	58.35	55.18	5.036	4.027	5.2	0	373.87	2.109	27.659	100	52	0.8	0.93	60	0
163	1747.63	1752.75	54.91	55.87	5.395	4.184	5.8	0	375.25	2.113	29.989	100	52	0.8	0.86	60	0
165	1775.5	1786.88	54.74	54.19	4.89	4.022	5.1	0	354.31	2.12	29.501	100	52	0.8	0.86	60	0
168	1798.3	1802	50.949	54.786	5.189	4	5.5	0	350.37	2.08	31.012	100	52	0.8	0.78	60	0
171	1861.38	1871.38	55.465	49.79	4.215	3.562	4.841	0	362.37	2.2	26.268	100	52	0.8	0.87	60	0
173	1889.15	1894.25	48.07	49.11	4.287	3.83	4.764	0	373.75	2.093	27.34	100	52	0.8	0.72	60	0
177	1573	1583	57	17	5.9	2.264	6.7	0	360	2.19	28.06	90	55	0.8	0.86	33	0
178	1589	1594	61.21	19.53	7.18	3.17	7.9	0	353	2.18	29.53	90	55	0.8	0.98	33	0
183	1627.5	1638.5	58.86	17	7.87	3.194	8	0	347	2.15	29.05	90	55	0.8	0.91	33	0
185	1647	1649	51	18.4	6.7	3	7.2	0	360	2.12	28.87	90	55	0.8	0.69	33	0
188	1693	1707	58.05	19.06	4.5	1.801	4.8	0	359	2.18	27.7	90	55	0.8	0.89	33	0
190	1757.5	1763.5	58	12	8.4	2.025	8.8	0	345	2.182	25.26	90	55	0.8	0.89	33	0
191	1767.5	1783.5	58	10	6.29	1.866	6.4	0	338	2.168	24.4	90	55	0.8	0.89	33	0
192	1787	1796.5	56.024	11.628	5.69	1.866	5.767	0	331.48	2.2	26.94	90	55	0.8	0.83	33	0
193	1800.5	1826.5	55.27	12	5.92	1.941	6.2	0	342.51	2.13	27.33	90	55	0.8	0.81	33	0
195	1449.13	1463.8	83.535	51.52	4.983	3.893	0	0	344.229	2.194	26.424	123	68	0.8	1.08	71	0
196	1465.6	1479.5	83.653	43.383	5.681	3.94	0	0	377.108	2.097	29.818	123	68	0.8	1.08	71	0
197	1479.5	1488.5	81.724	49.238	5.062	3.714	0	0	372.857	2.109	32.818	123	68	0.8	1.05	71	0
198	1492.5	1503.5	72.813	49.71	5.287	3.866	0	0	358.159	2.147	29.625	123	68	0.8	0.89	71	0
199	1512	1517	80.403	60.423	5.574	4.507	0	0	332.53	2.267	25.267	123	68	0.8	1.03	71	0
200	1520.5	1527.58	80.136	59.76	4.409	3.562	0	0	374.84	2.156	31.863	123	68	0.8	1.02	71	0
202	1543.5	1556.4	81.585	52.549	4.521	3.6	0	0	359.1	2.15	29.973	123	68	0.8	1.05	71	0
203	1568.5	1578.5	75.079	49.194	4.59	3.64	0	0	375.2	2.078	31.092	123	68	0.8	0.93	71	0
204	1578.5	1601.8	75.228	56.33	3.145	2.87	0	0	375.7	2.14	33.2	123	68	0.8	0.93	71	0
205	1604.4	1608.9	79.855	49.918	4.806	3.46	0	0	374.299	2.148	31.16	123	68	0.8	1.02	71	0
206	1619.6	1639.6	79.373	46.213	6.034	4.502	0	0	352.651	2.17	32.17	123	68	0.8	1.01	71	0
207	1653.1	1660	72.323	43.256	5.487	3.92	0	0	361.561	2.123	29.779	123	68	0.8	0.88	71	0
208	1697.5	1723.5	83.772	54.881	4	3.28	0	0	346.015	2.183	30.037	123	68	0.8	1.09	71	0
209	1730	1761	73.8	58.06	4.22	3.57	0	0	338.8	2.27	29.022	123	68	0.8	0.91	71	0
219	1592	1598	74.4	38.6	11.47	0	0	8.418	340	0	0	0	0	0	0	0	0
220	1614	1621	67	38.07	8.83	0	0	4.125	350	0	0	0	0	0	0	0	0
223	1905	1917	45	47.5	5.6	7.84	6.4	5.785	401	0	27.3	93	55	0.8	0.54	67.5	0
224	1926	1934	60.56	56.1	5.1	3.9	5.6	4.83	374	0	29.53	93	55	0.8	0.95	67.5	0
239	1653.5	1668.5	65.5	34.78	6.3	5.8	7.3	7.98	350	2.213	33.13	90	58	0.8	1.03	60.3	0
246	1610.3	1616.9	65.11	47.74	7.3	4.4	7.9	0	364	2.154	37.42	95	55	0.8	1.05	60.6	0
255	1780.3	1790	59.402	21.35	5.183	4.385	5.7	0	354.75	2.19	30.73	95	55	0.8	0.91	60.6	0
256	1811	1823	59.785	37.44	5.212	4.524	5.66	0	350	2.16	33	95	55	0.8	0.92	60.6	0
