2360	113.3
2360.125	114.76
2360.25	118.61
2360.375	123.95
2360.5	128.02
2360.625	128.07
2360.75	124.48
2360.875	120.39
2361	118.04
2361.125	116.55
2361.25	115.31
2361.375	115.98
2361.5	118.75
2361.625	120.34
2361.75	118.61
2361.875	115.8
2362	115.07
2362.125	116.01
2362.25	116.75
2362.375	116.59
2362.5	116.13
2362.625	115.81
2362.75	115.5
2362.875	114.71
2363	113.12
2363.125	111.49
2363.25	110.63
2363.375	110.35
2363.5	110.11
2363.625	109.74
2363.75	109.59
2363.875	109.9
2364	110.78
2364.125	112.08
2364.25	113.09
2364.375	113.12
2364.5	111.83
2364.625	109.73
2364.75	108.45
2364.875	109.43
2365	112.17
2365.125	114.18
2365.25	113.75
2365.375	112.51
2365.5	113.09
2365.625	115.28
2365.75	117.08
2365.875	117.51
2366	117.15
2366.125	116.51
2366.25	115.48
2366.375	114.37
2366.5	114.22
2366.625	115.63
2366.75	117.75
2366.875	119.18
2367	120.12
2367.125	121.61
2367.25	122.96
2367.375	121.78
2367.5	117.7
2367.625	113.82
2367.75	112.96
2367.875	115.02
2368	117.64
2368.125	119.51
2368.25	121.19
2368.375	123.23
2368.5	124.79
2368.625	124.56
2368.75	122.36
2368.875	119.22
2369	116.18
2369.125	113.9
2369.25	112.97
2369.375	113.65
2369.5	115.62
2369.625	117.65
2369.75	118.42
2369.875	117.7
2370	116.53
2370.125	115.72
2370.25	115.11
2370.375	114.31
2370.5	114.04
2370.625	115.49
2370.75	118.54
2370.875	121.19
2371	121.48
2371.125	119.37
2371.25	116.38
2371.375	114.22
2371.5	113.43
2371.625	113.76
2371.75	115.04
2371.875	116.81
2372	117.76
2372.125	116.78
2372.25	114.59
2372.375	113.41
2372.5	114.31
2372.625	116.15
2372.75	117.34
2372.875	117.73
2373	117.86
2373.125	117.72
2373.25	116.15
2373.375	111.86
2373.5	105.07
2373.625	98.49
2373.75	95.43
2373.875	96.79
2374	100.86
2374.125	104.99
2374.25	107.98
2374.375	109.76
2374.5	110.41
2374.625	110.16
2374.75	109.44
2374.875	108.69
2375	108.38
2375.125	108.57
2375.25	109.01
2375.375	109.37
2375.5	109.22
2375.625	108.19
2375.75	106.2
2375.875	103.56
2376	101.48
2376.125	101.64
2376.25	104.72
2376.375	109.49
2376.5	113.49
2376.625	115.42
2376.75	115.94
2376.875	115.73
2377	115.04
2377.125	114.18
2377.25	113.06
2377.375	111.1
2377.5	108.92
2377.625	107.96
2377.75	108.22
2377.875	108.45
2378	108.59
2378.125	110.03
2378.25	112.77
2378.375	115
2378.5	115.64
2378.625	115.33
2378.75	114.98
2378.875	113.7
2379	109.47
2379.125	102.24
2379.25	95.93
2379.375	95.11
2379.5	100.67
2379.625	108.49
2379.75	113.38
2379.875	113.64
2380	111.46
2380.125	109.54
2380.25	108.12
2380.375	106.36
2380.5	104.58
2380.625	103.85
2380.75	104.06
2380.875	104.56
2381	105.84
2381.125	108.37
2381.25	110.6
2381.375	110.56
2381.5	108.49
2381.625	106.68
2381.75	106.3
2381.875	106.44
2382	106.33
2382.125	106.58
2382.25	107.82
2382.375	109.22
2382.5	109.79
2382.625	109.7
2382.75	109.63
2382.875	109.52
2383	108.84
2383.125	108.18
2383.25	108.69
2383.375	110.67
2383.5	112.89
2383.625	113.17
2383.75	110.86
2383.875	107.54
2384	104.59
2384.125	101.97
2384.25	99.41
2384.375	97.69
2384.5	97.66
2384.625	99.09
2384.75	101.07
2384.875	102.97
2385	104.89
2385.125	107.23
2385.25	110.3
2385.375	114.2
2385.5	118.07
2385.625	120.31
2385.75	119.65
2385.875	117.18
2386	115.75
2386.125	116.57
2386.25	117.89
2386.375	117.87
2386.5	117.1
2386.625	116.9
2386.75	117.44
2386.875	118.34
2387	119.51
2387.125	120.37
2387.25	119.42
2387.375	116.58
2387.5	114.41
2387.625	114.95
2387.75	117.71
2387.875	120.51
2388	121.7
2388.125	121.07
2388.25	119.22
2388.375	117.29
2388.5	116.58
2388.625	117.58
2388.75	119.63
2388.875	122.05
2389	124.17
2389.125	124.98
2389.25	123.98
2389.375	122.16
2389.5	120.83
2389.625	119.91
2389.75	118.39
2389.875	116.81
2390	116.66
2390.125	118.36
2390.25	121.3
2390.375	124.28
2390.5	126.47
2390.625	127.48
2390.75	128.22
2390.875	130.3
2391	133.4
2391.125	134.98
2391.25	133.52
2391.375	130.55
2391.5	128.3
2391.625	127.51
2391.75	127.72
2391.875	128.68
2392	129.72
2392.125	129.69
2392.25	128.6
2392.375	127.75
2392.5	127.97
2392.625	128.85
2392.75	129.26
2392.875	128.95
2393	128.07
2393.125	127.09
2393.25	126.72
2393.375	127.15
2393.5	127.85
2393.625	128.07
2393.75	127.46
2393.875	126.72
2394	126.42
2394.125	126.53
2394.25	126.45
2394.375	125.56
2394.5	124.77
2394.625	125.4
2394.75	127.46
2394.875	129.58
2395	130.41
2395.125	129.62
2395.25	128.03
2395.375	126.66
2395.5	126.28
2395.625	126.34
2395.75	125.38
2395.875	123.19
2396	121.46
2396.125	121.73
2396.25	123.5
2396.375	124.9
2396.5	124.56
2396.625	122.82
2396.75	121.19
2396.875	121.37
2397	122.89
2397.125	123.49
2397.25	121.8
2397.375	119.5
2397.5	118.19
2397.625	116.76
2397.75	113.4
2397.875	108.28
2398	103.31
2398.125	100.26
2398.25	100.04
2398.375	101.42
2398.5	101.55
2398.625	98.06
2398.75	92.71
2398.875	89.47
2399	90.47
2399.125	94.13
2399.25	98.13
2399.375	100.85
2399.5	101.34
2399.625	99.4
2399.75	97.65
2399.875	99.48
2400	105.16
2400.125	110.32
2400.25	111.83
2400.375	110.22
2400.5	107.76
2400.625	105.66
2400.75	105.08
2400.875	107.82
2401	113.95
2401.125	120.06
2401.25	123.44
2401.375	124.06
2401.5	123.62
2401.625	122.92
2401.75	121.68
2401.875	120.12
2402	118.72
2402.125	116.78
2402.25	112.99
2402.375	107.2
2402.5	101.19
2402.625	96.81
2402.75	94.27
2402.875	92.1
2403	89.15
2403.125	85.93
2403.25	84.47
2403.375	86.81
2403.5	93.34
2403.625	101.39
2403.75	107.92
2403.875	111.05
2404	111.69
2404.125	111.94
2404.25	113.62
2404.375	116.86
2404.5	120.25
2404.625	122.2
2404.75	122.47
2404.875	121.88
2405	121.2
2405.125	120.03
2405.25	117.08
2405.375	112.17
2405.5	106.05
2405.625	99.68
2405.75	94.37
2405.875	92.85
2406	97.74
2406.125	107.44
2406.25	116.82
2406.375	121.92
2406.5	123.02
2406.625	122.33
2406.75	121.55
2406.875	121.04
2407	120.06
2407.125	118.09
2407.25	115.87
2407.375	114.79
2407.5	114.85
2407.625	115.51
2407.75	116.64
2407.875	117.2
2408	115.78
2408.125	112.79
2408.25	109.56
2408.375	106.25
2408.5	102.48
2408.625	99.21
2408.75	98.88
2408.875	101.74
2409	106.41
2409.125	111.65
2409.25	117.5
2409.375	123.07
2409.5	125.49
2409.625	122.95
2409.75	117.33
2409.875	112.76
2410	110.94
2410.125	111.09
2410.25	111.87
2410.375	112.64
2410.5	112.41
2410.625	110.47
2410.75	107.45
2410.875	103.71
2411	98.16
2411.125	90
2411.25	81.37
2411.375	75.17
2411.5	71.87
2411.625	69.76
2411.75	68.08
2411.875	67.28
2412	67.67
2412.125	69.29
2412.25	72.03
2412.375	74.89
2412.5	76.17
2412.625	74.98
2412.75	71.82
2412.875	68.48
2413	67.17
2413.125	69.02
2413.25	73.68
2413.375	78.79
2413.5	82.42
2413.625	84.21
2413.75	85.27
2413.875	86.94
2414	89.09
2414.125	89.85
2414.25	87.74
2414.375	84.83
2414.5	84.11
2414.625	86.33
2414.75	89.41
2414.875	92.71
2415	97.77
2415.125	104.93
2415.25	112.17
2415.375	115.87
2415.5	114.38
2415.625	108.37
2415.75	100.98
2415.875	94.1
2416	86.71
2416.125	78.91
2416.25	73.35
2416.375	73.08
2416.5	76.56
2416.625	81.34
2416.75	86.62
2416.875	92.34
2417	97.2
2417.125	99.85
2417.25	99.96
2417.375	97.51
2417.5	93.36
2417.625	88.79
2417.75	84.41
2417.875	79.8
2418	74.74
2418.125	70.8
2418.25	69.71
2418.375	71.96
2418.5	76.12
2418.625	80.36
2418.75	84.44
2418.875	89.95
2419	97.21
2419.125	103.62
2419.25	105.65
2419.375	102.67
2419.5	96.61
2419.625	89.44
2419.75	81.47
2419.875	73.9
2420	68.86
2420.125	67.68
2420.25	68.98
2420.375	70.81
2420.5	72.34
2420.625	73.5
2420.75	75.21
2420.875	79.15
2421	84.77
2421.125	89.2
2421.25	88.44
2421.375	83.4
2421.5	78.26
2421.625	77.93
2421.75	82.04
2421.875	85.82
2422	84.59
2422.125	79.72
2422.25	75.73
2422.375	75.13
2422.5	77.15
2422.625	80.03
2422.75	82.64
2422.875	84.7
2423	85.57
2423.125	84.15
2423.25	79.47
2423.375	72.43
2423.5	65.82
2423.625	62.18
2423.75	61.74
2423.875	63.08
2424	64.63
2424.125	66.27
2424.25	68.31
2424.375	69.67
2424.5	69.65
2424.625	69.1
2424.75	69.16
2424.875	69.74
2425	71.62
2425.125	77.57
2425.25	88.07
2425.375	100.02
2425.5	108.9
2425.625	112.96
2425.75	111.92
2425.875	108.26
2426	104.86
2426.125	104.03
2426.25	104.56
2426.375	104.05
2426.5	101.79
2426.625	98.68
2426.75	95.68
2426.875	92.82
2427	89.68
2427.125	87.18
2427.25	86.48
2427.375	87.21
2427.5	86.74
2427.625	83.37
2427.75	78.27
2427.875	74.69
2428	74.32
2428.125	77.14
2428.25	80.44
2428.375	81.43
2428.5	79.7
2428.625	77.95
2428.75	79.34
2428.875	86.01
2429	96.24
2429.125	106.82
2429.25	113.87
2429.375	116.4
2429.5	115.13
2429.625	111.64
2429.75	107.58
2429.875	103.48
2430	99.14
2430.125	94.63
2430.25	90.45
2430.375	85.86
2430.5	79.71
2430.625	72.35
2430.75	66.44
2430.875	64.17
2431	65.77
2431.125	69.56
2431.25	74.22
2431.375	78.37
2431.5	80.62
2431.625	79.89
2431.75	77.27
2431.875	74.6
2432	72.41
2432.125	69.87
2432.25	66.89
2432.375	65.57
2432.5	66.76
2432.625	69.55
2432.75	72.49
2432.875	75.1
2433	77.74
2433.125	80.69
2433.25	83.3
2433.375	84.98
2433.5	85.98
2433.625	86.31
2433.75	85.61
2433.875	84.37
2434	83.68
2434.125	83.84
2434.25	83.42
2434.375	80.96
2434.5	76.83
2434.625	72.79
2434.75	70.23
2434.875	69.43
2435	70.05
2435.125	72.1
2435.25	75.27
2435.375	78.68
2435.5	81.8
2435.625	84.17
2435.75	84.4
2435.875	82.29
2436	80.23
2436.125	80.41
2436.25	82.33
2436.375	84.25
2436.5	85.73
2436.625	87.18
2436.75	87.91
2436.875	87.22
2437	85.37
2437.125	83.37
2437.25	83.44
2437.375	85.92
2437.5	89.08
2437.625	90.23
2437.75	89.2
2437.875	88.25
2438	88.32
2438.125	88.18
2438.25	86.47
2438.375	83.45
2438.5	80.23
2438.625	78.08
2438.75	76.91
2438.875	75.48
2439	72.67
2439.125	68.81
2439.25	64.41
2439.375	60.45
2439.5	57.41
2439.625	56.45
2439.75	58.92
2439.875	65.06
2440	73.57
2440.125	80.33
2440.25	82.9
2440.375	81.17
2440.5	77.27
2440.625	72.87
2440.75	69.34
2440.875	66.73
2441	64.63
2441.125	62.84
2441.25	61.51
2441.375	60.67
2441.5	59.89
2441.625	59.06
2441.75	59.04
2441.875	59.65
2442	59.92
2442.125	59.29
2442.25	58.53
2442.375	58.47
2442.5	58.95
2442.625	59.53
2442.75	59.6
2442.875	58.67
2443	57.06
2443.125	55.89
2443.25	55.81
2443.375	56.96
2443.5	59.86
2443.625	64.63
2443.75	70.66
2443.875	76.52
2444	81.21
2444.125	84.77
2444.25	88.15
2444.375	91.99
2444.5	95.51
2444.625	97.18
2444.75	96.45
2444.875	93
2445	87.64
2445.125	81.87
2445.25	78.94
2445.375	80.59
2445.5	85.26
2445.625	88.2
2445.75	87.32
2445.875	84.79
2446	85.69
2446.125	90.66
2446.25	96.42
2446.375	99.5
2446.5	99.67
2446.625	97.82
2446.75	94.22
2446.875	88.88
2447	82.96
2447.125	78.02
2447.25	75.32
2447.375	74.84
2447.5	75.32
2447.625	75.74
2447.75	77.52
2447.875	82.1
2448	88.33
2448.125	92.46
2448.25	92.46
2448.375	88.94
2448.5	84.64
2448.625	81.23
2448.75	79.95
2448.875	81.15
2449	84.83
2449.125	89.98
2449.25	94.75
2449.375	97.26
2449.5	97.21
2449.625	95.95
2449.75	94.93
2449.875	94.09
2450	93.08
2450.125	92.45
2450.25	92.43
2450.375	92.11
2450.5	90.74
2450.625	89.48
2450.75	89.64
2450.875	90.56
2451	91.08
2451.125	90.68
2451.25	89.39
2451.375	87.33
2451.5	84.89
2451.625	82.35
2451.75	80.35
2451.875	79.56
2452	80.4
2452.125	82.86
2452.25	84.73
2452.375	84.64
2452.5	82.86
2452.625	81.48
2452.75	81.38
2452.875	81.18
2453	79.66
2453.125	77.79
2453.25	77.47
2453.375	78.57
2453.5	80.11
2453.625	81.18
2453.75	81.41
2453.875	80.83
2454	79.95
2454.125	78.96
2454.25	77.97
2454.375	77.71
2454.5	78.96
2454.625	80.88
2454.75	80.91
2454.875	78.98
2455	78.69
2455.125	82.24
2455.25	89.49
2455.375	97.85
2455.5	105.25
2455.625	108.91
2455.75	106.31
2455.875	98.11
2456	87.58
2456.125	79.25
2456.25	75.67
2456.375	78.12
2456.5	86.37
2456.625	99.25
2456.75	112.22
2456.875	121.48
2457	125.03
2457.125	123.69
2457.25	118.56
2457.375	110.32
2457.5	101.13
2457.625	93.01
2457.75	87.61
2457.875	84.19
2458	81.94
2458.125	81.15
2458.25	83.14
2458.375	87.99
2458.5	92.45
2458.625	94.22
2458.75	93.07
2458.875	90.19
2459	85.58
2459.125	79.07
2459.25	73.14
2459.375	70.95
2459.5	73.62
2459.625	77.8
2459.75	79.85
2459.875	78.48
2460	76.42
2460.125	77.15
2460.25	81.71
2460.375	87.64
2460.5	91.98
2460.625	93.78
2460.75	93.73
2460.875	93.05
2461	93.04
2461.125	93.44
2461.25	92.94
2461.375	90.66
2461.5	86.57
2461.625	81.8
2461.75	78.22
2461.875	76.74
2462	75.93
2462.125	73.94
2462.25	70.71
2462.375	68.24
2462.5	67.65
2462.625	68.3
2462.75	68.9
2462.875	69.82
2463	72.97
2463.125	78.48
2463.25	84.76
2463.375	89.39
2463.5	92.05
2463.625	93.4
2463.75	94.26
2463.875	95.04
2464	95.91
2464.125	96.7
2464.25	97.7
2464.375	98.83
2464.5	99.22
2464.625	98.49
2464.75	96.33
2464.875	92.69
2465	87.99
2465.125	83.49
2465.25	79.72
2465.375	76.16
2465.5	72.22
2465.625	68.45
2465.75	65.71
2465.875	64.62
2466	66.37
2466.125	70.67
2466.25	73.98
2466.375	74.14
2466.5	73.32
2466.625	74.12
2466.75	76.16
2466.875	76.61
2467	75.12
2467.125	73.67
2467.25	74.15
2467.375	77.22
2467.5	82.2
2467.625	87.13
2467.75	90.06
2467.875	89.12
2468	84.31
2468.125	77.8
2468.25	73.92
2468.375	74.38
2468.5	77.82
2468.625	81.19
2468.75	83.72
2468.875	86.9
2469	92.1
2469.125	100.08
2469.25	109.89
2469.375	118.72
2469.5	123.95
2469.625	125.26
2469.75	122.91
2469.875	116.59
2470	107.76
2470.125	99.5
2470.25	94.32
2470.375	90.85
2470.5	86.55
2470.625	80.76
2470.75	75.01
2470.875	71.05
2471	69.81
2471.125	70.49
2471.25	71.8
2471.375	72.42
2471.5	71.73
2471.625	70.49
2471.75	70.75
2471.875	73.85
2472	78.71
2472.125	81.57
2472.25	80.31
2472.375	76.26
2472.5	73.01
2472.625	73.2
2472.75	76.88
2472.875	81.78
2473	84.73
2473.125	84.47
2473.25	82.24
2473.375	79.48
2473.5	76.58
2473.625	73.03
2473.75	68.71
2473.875	64.3
2474	60.49
2474.125	58.01
2474.25	56.71
2474.375	55.77
2474.5	54.19
2474.625	51.77
2474.75	49.43
2474.875	48.47
2475	49.19
2475.125	50.5
2475.25	50.88
2475.375	50.59
2475.5	51.95
2475.625	57.08
2475.75	65.75
2475.875	75.42
2476	84.62
2476.125	93.35
2476.25	101.69
2476.375	109.51
2476.5	116.21
2476.625	120.52
2476.75	120.82
2476.875	116.81
2477	111.39
2477.125	106.84
2477.25	103.63
2477.375	100.9
2477.5	97.65
2477.625	93.46
2477.75	89
2477.875	85.05
2478	81.86
2478.125	79.4
2478.25	78.47
2478.375	80.03
2478.5	84.25
2478.625	90.38
2478.75	97.33
2478.875	103.88
2479	108.63
2479.125	111
2479.25	112.1
2479.375	113.5
2479.5	114.27
2479.625	111.96
2479.75	105.86
2479.875	98.31
2480	93.49
2480.125	93.14
2480.25	96.35
2480.375	100.46
2480.5	102.65
2480.625	100.44
2480.75	93.36
2480.875	83.73
2481	74.89
2481.125	68.42
2481.25	64.68
2481.375	64.83
2481.5	68.91
2481.625	75.05
2481.75	80.18
2481.875	82.99
2482	84.32
2482.125	86.16
2482.25	90.09
2482.375	95.81
2482.5	101.12
2482.625	104.53
2482.75	104.85
2482.875	100.74
2483	91.25
2483.125	78.91
2483.25	69.34
2483.375	65.56
2483.5	66.27
2483.625	67.96
2483.75	70.21
2483.875	75.53
2484	85.66
2484.125	99.2
2484.25	112.03
2484.375	121.41
2484.5	125.96
2484.625	126.41
2484.75	125.14
2484.875	124.88
2485	125.52
2485.125	125.32
2485.25	124.04
2485.375	123.01
2485.5	122.44
2485.625	121.54
2485.75	120.73
2485.875	120.87
2486	120.88
2486.125	118.67
2486.25	114.13
2486.375	110.18
2486.5	108.83
2486.625	109.63
2486.75	111.19
2486.875	113.33
2487	115.74
2487.125	117.34
2487.25	117.87
2487.375	118.41
2487.5	119.31
2487.625	119.59
2487.75	118.78
2487.875	117.63
2488	117.4
2488.125	118.52
2488.25	120.01
2488.375	119.77
2488.5	116.33
2488.625	110.42
2488.75	105.17
2488.875	103.17
2489	104.88
2489.125	108.88
2489.25	113.69
2489.375	117.36
2489.5	118.18
2489.625	116.11
2489.75	112.86
2489.875	110.67
2490	110.42
2490.125	111.44
2490.25	112.77
2490.375	113.81
2490.5	114.54
2490.625	115.51
2490.75	117.35
2490.875	120.21
2491	123.04
2491.125	124.65
2491.25	125.05
2491.375	125.11
2491.5	125.4
2491.625	126.07
2491.75	127.06
2491.875	127.88
2492	128.4
2492.125	129.17
2492.25	130.46
2492.375	131.51
2492.5	131.4
2492.625	130.23
2492.75	128.34
2492.875	125.82
2493	123.31
2493.125	121.91
2493.25	121.9
2493.375	122.08
2493.5	121.28
2493.625	119.92
2493.75	119.8
2493.875	121.92
2494	124.93
2494.125	126.12
2494.25	124.37
2494.375	121.66
2494.5	120.47
2494.625	120.91
2494.75	120.75
2494.875	119.32
2495	117.76
2495.125	117
2495.25	117.1
2495.375	117.41
2495.5	117.3
2495.625	116.06
2495.75	113.9
2495.875	112.04
2496	111.01
2496.125	110.48
2496.25	110.33
2496.375	110.09
2496.5	108.89
2496.625	106.99
2496.75	106.25
2496.875	107.72
2497	110.06
2497.125	111.35
2497.25	111.39
2497.375	111.27
2497.5	112
2497.625	113.51
2497.75	114.55
2497.875	113.9
2498	111.95
2498.125	110.18
2498.25	109.26
2498.375	108.87
2498.5	109.16
2498.625	110.55
2498.75	111.83
2498.875	111
2499	108.43
2499.125	106.78
2499.25	107.35
2499.375	108.09
2499.5	106.6
2499.625	103.02
2499.75	99.13
2499.875	96.33
2500	95.22
2500.125	96.19
2500.25	99.08
2500.375	103.14
2500.5	107.12
2500.625	110.1
2500.75	111.84
2500.875	112.35
2501	112
2501.125	111.93
2501.25	113.17
2501.375	115.23
2501.5	116.43
2501.625	116.02
2501.75	115.06
2501.875	114.79
2502	115.53
2502.125	116.8
2502.25	118.04
2502.375	119.09
2502.5	119.69
2502.625	119.45
2502.75	117.81
2502.875	114.92
2503	112.13
2503.125	110.1
2503.25	106.95
2503.375	99.92
2503.5	88.29
2503.625	75.03
2503.75	63.66
2503.875	55.29
2504	49.4
2504.125	45.5
2504.25	43.43
2504.375	42.52
2504.5	42.04
2504.625	42.03
2504.75	42.64
2504.875	43.48
2505	44.15
2505.125	44.79
2505.25	45.65
2505.375	46.55
2505.5	47.08
2505.625	46.89
2505.75	46.04
2505.875	44.99
2506	44.13
2506.125	43.29
2506.25	42.1
2506.375	40.71
2506.5	39.63
2506.625	39.15
2506.75	39.25
2506.875	40.3
2507	42.98
2507.125	46.86
2507.25	50.52
2507.375	52.62
2507.5	53.18
2507.625	53.13
2507.75	52.99
2507.875	52.99
2508	53.73
2508.125	55.91
2508.25	60.19
2508.375	67.2
2508.5	75.81
2508.625	83.74
2508.75	89.74
2508.875	94.66
2509	99.54
2509.125	103.96
2509.25	107.16
2509.375	109.35
2509.5	111.35
2509.625	113.52
2509.75	115.66
2509.875	117.01
2510	116.71
2510.125	115.08
2510.25	113.5
2510.375	113.39
2510.5	114.84
2510.625	116.37
2510.75	116.64
2510.875	115.18
2511	111.82
2511.125	105.81
2511.25	96.27
2511.375	83.62
2511.5	70.1
2511.625	58.71
2511.75	51.32
2511.875	47.86
2512	46.78
2512.125	46.66
2512.25	46.5
2512.375	45.8
2512.5	44.89
2512.625	44.62
2512.75	45.16
2512.875	45.69
2513	45.59
2513.125	45.15
2513.25	45.11
2513.375	45.5
2513.5	46.07
2513.625	46.53
2513.75	46.88
2513.875	47.52
2514	48.56
2514.125	49.67
2514.25	50.63
2514.375	51.88
2514.5	54.03
2514.625	56.99
2514.75	59.67
2514.875	61
2515	60.96
2515.125	60.61
2515.25	60.59
2515.375	60.28
2515.5	58.81
2515.625	55.51
2515.75	50.79
2515.875	46.24
2516	43.66
2516.125	43.21
2516.25	43.71
2516.375	44.24
2516.5	44.98
2516.625	46.26
2516.75	48.23
2516.875	50.67
2517	52.83
2517.125	53.85
2517.25	53.27
2517.375	51.14
2517.5	48.3
2517.625	45.5
2517.75	43.47
2517.875	42.79
2518	43.84
2518.125	46.58
2518.25	50.04
2518.375	53.45
2518.5	57.4
2518.625	63.28
2518.75	72.16
2518.875	83.17
2519	93.55
2519.125	99.37
2519.25	99.13
2519.375	94.39
2519.5	89.04
2519.625	86.18
2519.75	86.22
2519.875	87.42
2520	88.08
2520.125	88.11
2520.25	88.84
2520.375	90.72
2520.5	92.84
2520.625	94.18
2520.75	94.82
2520.875	95.61
2521	97.04
2521.125	98.88
2521.25	100.19
2521.375	100.73
2521.5	101.55
2521.625	104.49
2521.75	109.43
2521.875	114.12
2522	116.75
2522.125	117.35
2522.25	116.7
2522.375	115.68
2522.5	114.58
2522.625	113.21
2522.75	111.59
2522.875	110.67
2523	111.7
2523.125	113.64
2523.25	113.04
2523.375	106.41
2523.5	93.88
2523.625	78.47
2523.75	65.35
2523.875	58.15
2524	59.14
2524.125	66.72
2524.25	78.42
2524.375	91.21
2524.5	101.91
2524.625	107.56
2524.75	106.67
2524.875	101.71
2525	97.65
2525.125	98.57
2525.25	103.74
2525.375	109.37
2525.5	112.11
2525.625	111.44
2525.75	108.77
2525.875	106.48
2526	106.25
2526.125	108.22
2526.25	111.14
2526.375	114.1
2526.5	116.55
2526.625	118.21
2526.75	118.72
2526.875	118.6
2527	118.5
2527.125	118.65
2527.25	118.62
2527.375	117.98
2527.5	117.29
2527.625	117.43
2527.75	117.89
2527.875	116.88
2528	114.32
2528.125	112.21
2528.25	111.61
2528.375	110.97
2528.5	108.43
2528.625	103.91
2528.75	98.75
2528.875	94.09
2529	90.18
2529.125	87.23
2529.25	85.42
2529.375	85.81
2529.5	89.95
2529.625	96.35
2529.75	100.94
2529.875	100.21
2530	95.74
2530.125	92.29
2530.25	92.95
2530.375	95.64
2530.5	98.19
2530.625	100.27
2530.75	103.16
2530.875	107.01
2531	109.72
2531.125	110.1
2531.25	108.42
2531.375	106.17
2531.5	103.76
2531.625	100.5
2531.75	97.46
2531.875	97.15
2532	101.82
2532.125	108.9
2532.25	113.94
2532.375	112.9
2532.5	106.49
2532.625	97.38
2532.75	89.62
2532.875	85.84
2533	87.4
2533.125	92.25
2533.25	97.68
2533.375	102.66
2533.5	107.76
2533.625	113.14
2533.75	117.28
2533.875	117.97
2534	113.09
2534.125	102.9
2534.25	91.47
2534.375	83.18
2534.5	79.95
2534.625	79.86
2534.75	80.14
2534.875	78.5
2535	74.48
2535.125	69.59
2535.25	65.99
2535.375	63.93
2535.5	61.62
2535.625	58.22
2535.75	55.71
2535.875	58.36
2536	67.17
2536.125	80.21
2536.25	92.38
2536.375	100.36
2536.5	103.83
2536.625	105.16
2536.75	105.25
2536.875	103.32
2537	98.9
2537.125	92.79
2537.25	87.43
2537.375	84.32
2537.5	82.64
2537.625	79.88
2537.75	75.67
2537.875	72.56
2538	74.71
2538.125	82.82
2538.25	94.25
2538.375	104.11
2538.5	110.16
2538.625	112.62
2538.75	113.12
2538.875	112.37
2539	111.18
2539.125	110.17
2539.25	109.05
2539.375	107.26
2539.5	105.12
2539.625	103.57
2539.75	103.11
2539.875	103.54
2540	104.42
2540.125	105.86
2540.25	108.28
2540.375	111.01
2540.5	113.72
2540.625	117.03
2540.75	120.85
2540.875	124.27
2541	125.79
2541.125	125.71
2541.25	125.75
2541.375	125.29
2541.5	121.52
2541.625	113.04
2541.75	101
2541.875	89.4
2542	80.65
2542.125	76.65
2542.25	76.9
2542.375	79.31
2542.5	81.38
2542.625	82.6
2542.75	82.4
2542.875	80.72
2543	78.86
2543.125	79.68
2543.25	82.7
2543.375	85.18
2543.5	84.72
2543.625	82.45
2543.75	79.77
2543.875	77.72
2544	76.45
2544.125	76.74
2544.25	78.98
2544.375	82.07
2544.5	83.54
2544.625	82.11
2544.75	78.32
2544.875	73.58
2545	69.25
2545.125	66.3
2545.25	66.5
2545.375	70.66
2545.5	77.42
2545.625	82.4
2545.75	83.77
2545.875	83.57
2546	85.56
2546.125	89.14
2546.25	90.35
2546.375	87.66
2546.5	83.08
2546.625	79.96
2546.75	78.16
2546.875	74.79
2547	67.75
2547.125	59.66
2547.25	54.67
2547.375	54.97
2547.5	59.78
2547.625	67.01
2547.75	74.08
2547.875	80.36
2548	87.19
2548.125	96.53
2548.25	107.66
2548.375	117.08
2548.5	121.93
2548.625	120.39
2548.75	113.41
2548.875	104.12
2549	96.07
2549.125	91.9
2549.25	91.01
2549.375	91.35
2549.5	91.84
2549.625	93.73
2549.75	98.2
2549.875	103.33
2550	106.36
2550.125	105.41
2550.25	101.07
2550.375	94.08
2550.5	86.85
2550.625	82.15
2550.75	80.85
2550.875	81.1
2551	81.3
2551.125	80.18
2551.25	77.66
2551.375	73.8
2551.5	68.96
2551.625	63.56
2551.75	58.5
2551.875	55.99
2552	57.62
2552.125	63.57
2552.25	72.31
2552.375	81.41
2552.5	87.86
2552.625	90.9
2552.75	91.81
2552.875	92
2553	91.94
2553.125	92.02
2553.25	92.64
2553.375	93.25
2553.5	93.26
2553.625	92.75
2553.75	91.57
2553.875	89.19
2554	86.57
2554.125	85.03
2554.25	84.57
2554.375	83.89
2554.5	83.07
2554.625	82.3
2554.75	80.35
2554.875	76.63
2555	73.45
2555.125	73.61
2555.25	78.19
2555.375	84.8
2555.5	89.78
2555.625	89.78
2555.75	85.47
2555.875	80.42
2556	79.02
2556.125	81.9
2556.25	86.72
2556.375	90.53
2556.5	92.5
2556.625	92.67
2556.75	91.16
2556.875	88.33
2557	85.37
2557.125	83.85
2557.25	83.41
2557.375	82.69
2557.5	81.34
2557.625	80.32
2557.75	80.08
2557.875	79.88
2558	79.74
2558.125	80.74
2558.25	83.33
2558.375	87.12
2558.5	91.19
2558.625	94.85
2558.75	97.18
2558.875	97.76
2559	96.77
2559.125	94.43
2559.25	91.4
2559.375	88.72
2559.5	87.33
2559.625	86.7
2559.75	85.63
2559.875	83.13
2560	80.27
2560.125	78.74
2560.25	78.89
2560.375	80.06
2560.5	81.54
2560.625	82.75
2560.75	83.67
2560.875	84.46
2561	85.34
2561.125	85.4
2561.25	83.23
2561.375	79.71
2561.5	78.15
2561.625	81.72
2561.75	89.92
2561.875	99.31
2562	106.06
2562.125	108.25
2562.25	105.32
2562.375	99.55
2562.5	93.75
2562.625	90.44
2562.75	89.81
2562.875	90.25
2563	89.88
2563.125	87.7
2563.25	84.13
2563.375	81
2563.5	79.04
2563.625	77.8
2563.75	76.86
2563.875	76.88
2564	78.17
2564.125	78.73
2564.25	76.83
2564.375	72.77
2564.5	68.01
2564.625	63.46
2564.75	60
2564.875	58.51
2565	59.49
2565.125	62.06
2565.25	65.3
2565.375	68.84
2565.5	72.92
2565.625	77.84
2565.75	83.12
2565.875	87.44
2566	89.96
2566.125	90.5
2566.25	89.52
2566.375	88.22
2566.5	87.39
2566.625	86.87
2566.75	86.73
2566.875	87.42
2567	88.54
2567.125	88.59
2567.25	87.25
2567.375	86.21
2567.5	86.81
2567.625	88.75
2567.75	91.12
2567.875	93.42
2568	95.53
2568.125	97.21
2568.25	98.48
2568.375	100.17
2568.5	102.84
2568.625	105.66
2568.75	106.83
2568.875	104.98
2569	100.57
2569.125	95.3
2569.25	90.79
2569.375	87.24
2569.5	84.3
2569.625	82.03
2569.75	80.6
2569.875	79.73
2570	79.12
2570.125	79
2570.25	79.14
2570.375	78.4
2570.5	76.09
2570.625	72.73
2570.75	69.81
2570.875	68.2
2571	67.42
2571.125	67.07
2571.25	67.73
2571.375	69.17
2571.5	70.34
2571.625	71.23
2571.75	73.1
2571.875	75.45
2572	75.73
2572.125	73.12
2572.25	69.35
2572.375	65.72
2572.5	61.79
2572.625	58.05
2572.75	56.7
2572.875	59.29
2573	64.95
2573.125	71.06
2573.25	76.79
2573.375	83.34
2573.5	91.37
2573.625	98.65
2573.75	102.2
2573.875	102.24
2574	101.48
2574.125	102.08
2574.25	103.65
2574.375	105.37
2574.5	106.9
2574.625	107.49
2574.75	106.21
2574.875	103.41
2575	100.99
2575.125	100.63
2575.25	101.91
2575.375	103.26
2575.5	103.74
2575.625	103.88
2575.75	103.85
2575.875	102.58
2576	98.91
2576.125	93.64
2576.25	89.27
2576.375	87.36
2576.5	87.7
2576.625	89.57
2576.75	91.91
2576.875	92.78
2577	90.78
2577.125	85.81
2577.25	79.28
2577.375	72.79
2577.5	67.18
2577.625	62.66
2577.75	58.89
2577.875	56.64
2578	57.95
2578.125	63.67
2578.25	71.29
2578.375	76.12
2578.5	75.54
2578.625	71.57
2578.75	68.63
2578.875	69.17
2579	72.36
2579.125	75.82
2579.25	78.33
2579.375	80.03
2579.5	81.2
2579.625	81.67
2579.75	81.18
2579.875	80.16
2580	79.65
2580.125	80.05
2580.25	80.97
2580.375	81.83
2580.5	82.32
2580.625	82.69
2580.75	83.5
2580.875	84.87
2581	85.95
2581.125	85.55
2581.25	83.01
2581.375	78.92
2581.5	75
2581.625	73.86
2581.75	77.46
2581.875	84.71
2582	91.84
2582.125	95.86
2582.25	97.32
2582.375	99.53
2582.5	104.32
2582.625	108.65
2582.75	107.69
2582.875	100.05
2583	89.91
2583.125	82.5
2583.25	78.96
2583.375	76.23
2583.5	71.03
2583.625	63.32
2583.75	56.31
2583.875	52.85
2584	52.16
2584.125	51.64
2584.25	50.64
2584.375	50.87
2584.5	53.19
2584.625	56.64
2584.75	59.59
2584.875	60.93
2585	60.62
2585.125	59.39
2585.25	58.47
2585.375	58.67
2585.5	59.48
2585.625	59.54
2585.75	58.18
2585.875	56.87
2586	57.91
2586.125	61.22
2586.25	64.58
2586.375	66.53
2586.5	67.02
2586.625	65.95
2586.75	62.9
2586.875	58.73
2587	54.84
2587.125	51.62
2587.25	49.25
2587.375	48.68
2587.5	50.31
2587.625	52.7
2587.75	54.38
2587.875	55.32
2588	56
2588.125	56.8
2588.25	58.09
2588.375	59.89
2588.5	61.94
2588.625	65.12
2588.75	70.93
2588.875	78.81
2589	84.81
2589.125	85.41
2589.25	81.29
2589.375	77.1
2589.5	76.59
2589.625	79.08
2589.75	81.38
2589.875	81.67
2590	80.58
2590.125	78.62
2590.25	75.56
2590.375	72.69
2590.5	72.28
2590.625	75.14
2590.75	79.66
2590.875	84.25
2591	88.2
2591.125	90.51
2591.25	90.67
2591.375	89.77
2591.5	88.85
2591.625	87.5
2591.75	85.62
2591.875	84.86
2592	87.44
2592.125	93.18
2592.25	99.77
2592.375	104.13
2592.5	104.43
2592.625	100.57
2592.75	94.1
2592.875	87.44
2593	82.3
2593.125	79.37
2593.25	78.91
2593.375	80.91
2593.5	83.71
2593.625	84.95
2593.75	83.57
2593.875	81.62
2594	81.57
2594.125	83.58
2594.25	86.12
2594.375	87.94
2594.5	88.39
2594.625	86.89
2594.75	83.17
2594.875	78.64
2595	75.56
2595.125	75.56
2595.25	77.89
2595.375	80.19
2595.5	80.09
2595.625	77.72
2595.75	74.85
2595.875	73.53
2596	74.92
2596.125	78.99
2596.25	84.05
2596.375	87.62
2596.5	87.95
2596.625	85.26
2596.75	81.04
2596.875	77.58
2597	76.83
2597.125	79.17
2597.25	82.85
2597.375	85.64
2597.5	86.68
2597.625	86.24
2597.75	84.66
2597.875	81.93
2598	77.64
2598.125	71.64
2598.25	64.67
2598.375	58.57
2598.5	54.76
2598.625	53.15
2598.75	52.61
2598.875	52.89
2599	53.82
2599.125	54.72
2599.25	54.91
2599.375	54.31
2599.5	53.7
2599.625	53.87
2599.75	54.87
2599.875	56.15
2600	57.43
2600.125	59.9
2600.25	64.82
2600.375	71.27
2600.5	75.86
2600.625	75.97
2600.75	72.62
2600.875	69.04
2601	67.57
2601.125	68.27
2601.25	69.68
2601.375	70.08
2601.5	69.05
2601.625	68.18
2601.75	69.92
2601.875	74.24
2602	79.52
2602.125	84.28
2602.25	88.17
2602.375	90.61
2602.5	90.79
2602.625	89.07
2602.75	87.36
2602.875	88.79
2603	94.2
2603.125	101.53
2603.25	107.86
2603.375	111.58
2603.5	112.3
2603.625	111.38
2603.75	110.79
2603.875	111.52
2604	111.61
2604.125	108.84
2604.25	105.2
2604.375	104.33
2604.5	107.85
2604.625	113.21
2604.75	116.47
2604.875	114.44
2605	108.62
2605.125	102.85
2605.25	101.81
2605.375	106.35
2605.5	114.48
2605.625	121.59
2605.75	123.07
2605.875	115.96
2606	102.4
2606.125	88.25
2606.25	80.24
2606.375	80.07
2606.5	85.1
2606.625	91.35
2606.75	97.5
2606.875	104.75
2607	113.25
2607.125	120.92
2607.25	125.96
2607.375	128.17
2607.5	127.9
2607.625	123.89
2607.75	115.6
2607.875	104.54
2608	93.05
2608.125	82.49
2608.25	74.41
2608.375	71.69
2608.5	74.04
2608.625	77.62
2608.75	77.12
2608.875	72.1
2609	65.13
2609.125	58.95
2609.25	54.57
2609.375	52.39
2609.5	51.77
2609.625	52.09
2609.75	54.03
2609.875	58.11
2610	63.4
2610.125	67.37
2610.25	68.63
2610.375	67.64
2610.5	65.68
2610.625	63.83
2610.75	63.2
2610.875	63.34
2611	62.82
2611.125	61.11
2611.25	59.78
2611.375	60.26
2611.5	61.86
2611.625	62.63
2611.75	61.82
2611.875	60.77
2612	62.3
2612.125	68.36
2612.25	76.5
2612.375	82.71
2612.5	84.19
2612.625	82.07
2612.75	78.78
2612.875	77.52
2613	79.36
2613.125	82.88
2613.25	85.15
2613.375	85.56
2613.5	85.25
2613.625	85.57
2613.75	86.48
2613.875	87.5
2614	87.85
2614.125	86.71
2614.25	83.65
2614.375	79.58
2614.5	75.61
2614.625	72.62
2614.75	69.92
2614.875	67.24
2615	66.16
2615.125	67.38
2615.25	69.8
2615.375	70.99
2615.5	70.09
2615.625	68.39
2615.75	68.22
2615.875	70.15
2616	73.07
2616.125	74.49
2616.25	72.61
2616.375	67.61
2616.5	61.86
2616.625	57.45
2616.75	55.24
2616.875	53.91
2617	52.55
2617.125	51.38
2617.25	51.03
2617.375	52.64
2617.5	56.78
2617.625	63.09
2617.75	70.42
2617.875	77.24
2618	82.67
2618.125	86.06
2618.25	87.64
2618.375	87.42
2618.5	85.05
2618.625	80.01
2618.75	72.41
2618.875	64.68
2619	59.2
2619.125	57.34
2619.25	58.09
2619.375	60.98
2619.5	65.62
2619.625	69.95
2619.75	71.78
2619.875	70.42
2620	67.48
2620.125	64.63
2620.25	63.06
2620.375	62.82
2620.5	63.23
2620.625	63.55
2620.75	63.92
2620.875	63.64
2621	61.89
2621.125	59.04
2621.25	56.98
2621.375	56.25
2621.5	56.54
2621.625	57.25
2621.75	58.13
2621.875	58.4
2622	57.4
2622.125	55.49
2622.25	53.83
2622.375	53.74
2622.5	55.62
2622.625	59.91
2622.75	67.21
2622.875	77.27
2623	86.84
2623.125	92.51
2623.25	93.23
2623.375	92.35
2623.5	92.73
2623.625	96.32
2623.75	102.96
2623.875	110.69
2624	116.88
2624.125	120.94
2624.25	122.98
2624.375	122.64
2624.5	119.57
2624.625	114.32
2624.75	109.35
2624.875	106.37
2625	105.23
2625.125	104.64
2625.25	103.58
2625.375	101.57
2625.5	98.59
2625.625	94.59
2625.75	91.14
2625.875	89.57
2626	90.02
2626.125	92.26
2626.25	94.84
2626.375	95.99
2626.5	94.37
2626.625	89.99
2626.75	83.42
2626.875	76.58
2627	71.62
2627.125	70.22
2627.25	71.31
2627.375	74.14
2627.5	77.91
2627.625	81.83
2627.75	84.99
2627.875	86.96
2628	87.66
2628.125	86.19
2628.25	82.46
2628.375	78.11
2628.5	75.56
2628.625	76.09
2628.75	78.91
2628.875	81.65
2629	82.31
2629.125	80.86
2629.25	79.18
2629.375	78.89
2629.5	79.17
2629.625	77.77
2629.75	74.74
2629.875	71.42
2630	69.09
2630.125	67.4
2630.25	65.75
2630.375	65.13
2630.5	66.43
2630.625	69.61
2630.75	73.71
2630.875	77.6
2631	80.74
2631.125	83.54
2631.25	86.59
2631.375	89.79
2631.5	92.02
2631.625	92.55
2631.75	93.55
2631.875	97.66
2632	105.97
2632.125	115.51
2632.25	123.26
2632.375	126.99
2632.5	127.43
2632.625	125.79
2632.75	123.29
2632.875	120.34
2633	117.1
2633.125	114.66
2633.25	113.34
2633.375	110.77
2633.5	104.17
2633.625	95.43
2633.75	90.61
2633.875	92.31
2634	97.88
2634.125	102.53
2634.25	105.5
2634.375	107.92
2634.5	110.8
2634.625	114.73
2634.75	119.43
2634.875	123.19
2635	124.32
2635.125	122.08
2635.25	118.22
2635.375	113.43
2635.5	106.96
2635.625	97.98
2635.75	86.63
2635.875	74.71
2636	64.46
2636.125	57.68
2636.25	54.5
2636.375	53.79
2636.5	53.81
2636.625	53.6
2636.75	53.74
2636.875	54.9
2637	56.53
2637.125	57.37
2637.25	56.21
2637.375	53.99
2637.5	52.6
2637.625	53.48
2637.75	56.43
2637.875	60.52
2638	64.57
2638.125	67.6
2638.25	68.8
2638.375	70.05
2638.5	73.95
2638.625	80.61
2638.75	85.92
2638.875	86.05
2639	80.76
2639.125	73.69
2639.25	67.79
2639.375	63.77
2639.5	60.32
2639.625	56.66
2639.75	53.52
2639.875	51.8
2640	51.63
2640.125	51.93
2640.25	52.2
2640.375	52.44
2640.5	52.68
2640.625	52.81
2640.75	52.37
2640.875	51.42
2641	50.93
2641.125	52.13
2641.25	55.4
2641.375	59.77
2641.5	63.66
2641.625	67.17
2641.75	71.17
2641.875	74.96
2642	77.21
2642.125	78.52
2642.25	81.14
2642.375	85.32
2642.5	88.8
2642.625	89.89
2642.75	88.22
2642.875	85.01
2643	82.15
2643.125	81.05
2643.25	81.14
2643.375	80.82
2643.5	79.2
2643.625	77.48
2643.75	78.01
2643.875	82.05
2644	87.56
2644.125	90.99
2644.25	91.41
2644.375	90.99
2644.5	91.55
2644.625	92.15
2644.75	90.81
2644.875	86.99
2645	82.98
2645.125	81.19
2645.25	83.23
2645.375	88.72
2645.5	96.14
2645.625	102.47
2645.75	104.94
2645.875	102.33
2646	96.16
2646.125	88.7
2646.25	81.97
2646.375	76.51
2646.5	71.7
2646.625	66.66
2646.75	61.32
2646.875	56.6
2647	54.12
2647.125	54.52
2647.25	56.74
2647.375	58.91
2647.5	60.48
2647.625	61.74
2647.75	62.75
2647.875	63.2
2648	63.42
2648.125	64.41
2648.25	66.87
2648.375	70.77
2648.5	75.23
2648.625	79.56
2648.75	83.18
2648.875	85.25
2649	85.06
2649.125	83.25
2649.25	81.02
2649.375	79.07
2649.5	77.71
2649.625	77.46
2649.75	78.34
2649.875	79.29
2650	79
2650.125	76.83
2650.25	73.03
2650.375	68.95
2650.5	66.95
2650.625	67.63
2650.75	69.94
2650.875	72.72
2651	75.96
2651.125	79.76
2651.25	83.56
2651.375	87.86
2651.5	93.98
2651.625	102.36
2651.75	112.69
2651.875	123.4
2652	130.95
2652.125	130.56
2652.25	120.79
2652.375	105.22
2652.5	89.45
2652.625	77.76
2652.75	72.03
2652.875	71.78
2653	73.55
2653.125	73.52
2653.25	70.2
2653.375	65.2
2653.5	60.27
2653.625	56.52
2653.75	54.68
2653.875	54.66
2654	55.51
2654.125	57.01
2654.25	60.21
2654.375	65.56
2654.5	71.31
2654.625	74.32
2654.75	72.94
2654.875	68.53
2655	64.45
2655.125	62.42
2655.25	61.42
2655.375	59.77
2655.5	57.77
2655.625	56.98
2655.75	58.09
2655.875	60.36
2656	62.54
2656.125	64.08
2656.25	65.23
2656.375	65.96
2656.5	65.51
2656.625	63.8
2656.75	62.22
2656.875	62.26
2657	63.79
2657.125	65.57
2657.25	66.8
2657.375	67.31
2657.5	67.1
2657.625	66.42
2657.75	66.51
2657.875	68.7
2658	72.56
2658.125	75.98
2658.25	77.08
2658.375	76.14
2658.5	74.88
2658.625	74.07
2658.75	73.11
2658.875	71.07
2659	68.07
2659.125	65.2
2659.25	63.52
2659.375	63.18
2659.5	63.55
2659.625	64.43
2659.75	66.87
2659.875	72.19
2660	80.09
2660.125	87.93
2660.25	92.63
2660.375	93.79
2660.5	94.51
2660.625	98.46
2660.75	106.64
2660.875	117.31
2661	126.3
2661.125	129.15
2661.25	125.15
2661.375	118.46
2661.5	113.59
2661.625	111.32
2661.75	110.12
2661.875	110.17
2662	112.53
2662.125	116.66
2662.25	121.19
2662.375	125.69
2662.5	130.56
2662.625	134.85
2662.75	135.44
2662.875	130.13
2663	120.77
2663.125	111.74
2663.25	105.34
2663.375	101.09
2663.5	98.98
2663.625	100.25
2663.75	105.25
2663.875	112.59
2664	119.82
2664.125	124.97
2664.25	127.49
2664.375	127.66
2664.5	125.94
2664.625	123.11
2664.75	119.86
2664.875	116.77
2665	114.49
2665.125	114.15
2665.25	116.24
2665.375	118.63
2665.5	119.14
2665.625	119.03
2665.75	120.89
2665.875	124.49
2666	125.9
2666.125	122.17
2666.25	114.43
2666.375	106.01
2666.5	99.15
2666.625	94.49
2666.75	91.82
2666.875	90.43
2667	90.68
2667.125	94.22
2667.25	102.37
2667.375	113.04
2667.5	121.48
2667.625	125.14
2667.75	125.87
2667.875	126.05
2668	124.63
2668.125	118.72
2668.25	108.46
2668.375	97.61
2668.5	88.66
2668.625	81.11
2668.75	73.83
2668.875	67.62
2669	64.21
2669.125	63.55
2669.25	63.99
2669.375	64.26
2669.5	64.41
2669.625	64.88
2669.75	65.04
2669.875	63.49
2670	60.08
2670.125	56.98
2670.25	56.56
2670.375	59.1
2670.5	62.8
2670.625	66.25
2670.75	69.54
2670.875	73.33
2671	77.6
2671.125	81.3
2671.25	83.49
2671.375	83.93
2671.5	82.92
2671.625	80.85
2671.75	78.15
2671.875	76.22
2672	76.48
2672.125	78.73
2672.25	81.15
2672.375	82.43
2672.5	82.48
2672.625	81.37
2672.75	79.38
2672.875	77.96
2673	79.11
2673.125	82.85
2673.25	86.1
2673.375	85.77
2673.5	81.67
2673.625	77.18
2673.75	75.9
2673.875	78.4
2674	82.01
2674.125	84.58
2674.25	85.87
2674.375	85.96
2674.5	84.14
2674.625	80.11
2674.75	75.92
2674.875	73.61
2675	72.99
2675.125	72.65
2675.25	71.8
2675.375	71.18
2675.5	72.25
2675.625	76.35
2675.75	83.08
2675.875	90.38
2676	95.88
2676.125	97.95
2676.25	95.96
2676.375	90.19
2676.5	82.83
2676.625	77.22
2676.75	76.16
2676.875	79.23
2677	83.86
2677.125	87.76
2677.25	90.56
2677.375	93.1
2677.5	96.6
2677.625	102.04
2677.75	109.15
2677.875	115.73
2678	119.79
2678.125	121.26
2678.25	121.04
2678.375	119.39
2678.5	116.68
2678.625	114.68
2678.75	115.21
2678.875	117.14
2679	117.87
2679.125	115.73
2679.25	111.68
2679.375	107.62
2679.5	105.07
2679.625	104.84
2679.75	107.37
2679.875	112.33
2680	118.07
2680.125	122.46
2680.25	124.33
2680.375	124.74
2680.5	124.92
2680.625	124.66
2680.75	123.1
2680.875	120.34
2681	118.11
2681.125	118.4
2681.25	120.89
2681.375	122.55
2681.5	121.14
2681.625	118.08
2681.75	116.33
2681.875	116.75
2682	117.34
2682.125	116.15
2682.25	112.18
2682.375	105.46
2682.5	96.43
2682.625	85.65
2682.75	74.76
2682.875	66.61
2683	64.62
2683.125	68.45
2683.25	74.71
2683.375	79.25
2683.5	80.26
2683.625	78.05
2683.75	74.72
2683.875	72.26
2684	71.42
2684.125	71.03
2684.25	69.58
2684.375	66.84
2684.5	64.05
2684.625	62.67
2684.75	63.4
2684.875	65.04
2685	66.42
2685.125	67.64
2685.25	68.71
2685.375	68.57
2685.5	66.8
2685.625	65.05
2685.75	65.92
2685.875	69.52
2686	74.67
2686.125	78.98
2686.25	80.17
2686.375	77.25
2686.5	72
2686.625	67.27
2686.75	64.01
2686.875	61.06
2687	57.95
2687.125	55.04
2687.25	52.26
2687.375	49.75
2687.5	48.45
2687.625	48.64
2687.75	49.69
2687.875	50.18
2688	49.81
2688.125	49.27
2688.25	49.54
2688.375	50.99
2688.5	52.81
2688.625	52.88
2688.75	50.74
2688.875	47.99
2689	46.75
2689.125	47.45
2689.25	48.89
2689.375	49.83
2689.5	49.92
2689.625	49.76
2689.75	50.71
2689.875	53.46
2690	56.78
2690.125	59.71
2690.25	62.41
2690.375	65.49
2690.5	68.9
2690.625	72.13
2690.75	75.14
2690.875	77.87
2691	79.69
2691.125	80.13
2691.25	79.62
2691.375	79.28
2691.5	79.71
2691.625	81
2691.75	83.15
2691.875	86.34
2692	89.92
2692.125	92.08
2692.25	92.01
2692.375	90.76
2692.5	90.66
2692.625	91.78
2692.75	90.99
2692.875	86.09
2693	77.94
2693.125	70.49
2693.25	66.57
2693.375	67.29
2693.5	70.71
2693.625	74.37
2693.75	76.72
2693.875	77.9
2694	78.62
2694.125	80.12
2694.25	83.12
2694.375	86.98
2694.5	89.31
2694.625	89.91
2694.75	90.61
2694.875	92.55
2695	94.5
2695.125	95.37
2695.25	96.36
2695.375	97.72
2695.5	96.94
2695.625	92.17
2695.75	84.31
2695.875	77.34
2696	73.32
2696.125	72.37
2696.25	74.13
2696.375	78.47
2696.5	85.45
2696.625	93.09
2696.75	99.18
2696.875	101.83
2697	100.89
2697.125	98.01
2697.25	95.76
2697.375	93.86
2697.5	90.71
2697.625	86.51
2697.75	84.3
2697.875	86.7
2698	92.61
2698.125	99.76
2698.25	106.51
2698.375	112.41
2698.5	117.6
2698.625	121.45
2698.75	122.16
2698.875	118.72
2699	112.91
2699.125	106.76
2699.25	100.94
2699.375	95.26
2699.5	89.9
2699.625	85.65
2699.75	82.77
2699.875	80.71
2700	79.12
2700.125	79.07
2700.25	83.04
2700.375	92.14
2700.5	102.32
2700.625	109.28
2700.75	110.9
2700.875	108.3
2701	102.86
2701.125	96.02
2701.25	88.72
2701.375	81.47
2701.5	74.74
2701.625	69.03
2701.75	65.18
2701.875	63.09
2702	62.7
2702.125	63.34
2702.25	63.55
2702.375	62.83
2702.5	62.36
2702.625	62.86
2702.75	64.01
2702.875	64.65
2703	64.85
2703.125	65.08
2703.25	65.39
2703.375	66.14
2703.5	67.85
2703.625	69.73
2703.75	70.51
2703.875	69.08
2704	65.95
2704.125	62.18
2704.25	59.55
2704.375	60.1
2704.5	65.47
2704.625	73.66
2704.75	81.68
2704.875	86.68
2705	88.5
2705.125	87.99
2705.25	87.48
2705.375	89.42
2705.5	95.13
2705.625	102.08
2705.75	105.82
2705.875	103.02
2706	94.72
2706.125	83.58
2706.25	72.43
2706.375	63.4
2706.5	57.82
2706.625	56.15
2706.75	57.61
2706.875	62.11
2707	68.82
2707.125	75.21
2707.25	78.35
2707.375	76.37
2707.5	70
2707.625	61.78
2707.75	56.23
2707.875	56.38
2708	63.91
2708.125	74.72
2708.25	83.09
2708.375	82.75
2708.5	74.95
2708.625	64.71
2708.75	57.66
2708.875	55.15
2709	56.29
2709.125	59.38
2709.25	64.4
2709.375	72.87
2709.5	84.77
2709.625	97.51
2709.75	106.6
2709.875	111.16
2710	112.49
2710.125	111.2
2710.25	106.62
2710.375	99.01
2710.5	90.54
2710.625	83.09
2710.75	77.38
2710.875	73.37
2711	71.25
2711.125	70.49
2711.25	69.65
2711.375	68
2711.5	65.34
2711.625	62.29
2711.75	59.26
2711.875	56.46
2712	54.39
2712.125	53.74
2712.25	54.2
2712.375	54.77
2712.5	55.25
2712.625	56.72
2712.75	60
2712.875	66.14
2713	74.3
2713.125	81.49
2713.25	82.31
2713.375	75.71
2713.5	65.37
2713.625	57.19
2713.75	52.57
2713.875	50.08
2714	47.72
2714.125	46.05
2714.25	46.52
2714.375	48.55
2714.5	50.01
2714.625	49.41
2714.75	48.26
2714.875	48.53
2715	50.95
2715.125	54.32
2715.25	56.8
2715.375	56.94
2715.5	54.97
2715.625	52.42
2715.75	51.09
2715.875	51.7
2716	54.75
2716.125	59.53
2716.25	64.49
2716.375	67.56
2716.5	69.2
2716.625	71.6
2716.75	76.24
2716.875	81.82
2717	85.7
2717.125	86.39
2717.25	84.5
2717.375	81.74
2717.5	80.2
2717.625	79.94
2717.75	79.56
2717.875	78.68
2718	78.14
2718.125	79.6
2718.25	84.46
2718.375	92.68
2718.5	101.11
2718.625	105.98
2718.75	105.82
2718.875	103.07
2719	98.6
2719.125	91.27
2719.25	81.65
2719.375	72.7
2719.5	68.76
2719.625	71.27
2719.75	78.74
2719.875	86.82
2720	91.75
2720.125	92.47
2720.25	90.25
2720.375	86.4
2720.5	82.37
2720.625	79.22
2720.75	76.71
2720.875	74.34
2721	73.08
2721.125	74.32
2721.25	76.9
2721.375	77.38
2721.5	74.45
2721.625	70.47
2721.75	69.01
2721.875	71.63
2722	76.65
2722.125	82.64
2722.25	88.61
2722.375	93
2722.5	94.37
2722.625	92.85
2722.75	90.72
2722.875	89.26
2723	88.45
2723.125	88.07
2723.25	87.61
2723.375	85.95
2723.5	83.38
2723.625	81.3
2723.75	80.5
2723.875	80.99
2724	83.04
2724.125	86.9
2724.25	91.73
2724.375	95.62
2724.5	97.74
2724.625	97.77
2724.75	96.25
2724.875	94.93
2725	95.34
2725.125	97.55
2725.25	100.9
2725.375	105.46
2725.5	111.06
2725.625	116
2725.75	118.26
2725.875	118.21
2726	117.29
2726.125	116.45
2726.25	115.25
2726.375	113.35
2726.5	110.89
2726.625	108.3
2726.75	105.99
2726.875	103.95
2727	102.19
2727.125	100.68
2727.25	98.74
2727.375	95.86
2727.5	93.15
2727.625	93.19
2727.75	97.44
2727.875	104.1
2728	109.57
2728.125	110.64
2728.25	106.97
2728.375	101.59
2728.5	98.18
2728.625	98.06
2728.75	100.21
2728.875	103.15
2729	105.96
2729.125	108.29
2729.25	109.64
2729.375	109.58
2729.5	108.22
2729.625	106.31
2729.75	104.33
2729.875	102.98
2730	103.64
2730.125	107.23
2730.25	112.41
2730.375	116.27
2730.5	117.35
2730.625	115.28
2730.75	110.33
2730.875	103.49
2731	97.02
2731.125	91.87
2731.25	87.22
2731.375	82.17
2731.5	77.67
2731.625	75.35
2731.75	75.62
2731.875	77.79
2732	80.31
2732.125	81.87
2732.25	82.85
2732.375	84.47
2732.5	86.99
2732.625	89.3
2732.75	90.11
2732.875	89
2733	86.52
2733.125	84.96
2733.25	87.04
2733.375	93.18
2733.5	99.85
2733.625	103.02
2733.75	100.95
2733.875	95.76
2734	90.57
2734.125	87.55
2734.25	86.72
2734.375	87.02
2734.5	87.23
2734.625	86.51
2734.75	83.9
2734.875	79.86
2735	76.51
2735.125	75.62
2735.25	76.3
2735.375	76.69
2735.5	76.46
2735.625	77.37
2735.75	80.84
2735.875	86.89
2736	94.65
2736.125	102.6
2736.25	108.45
2736.375	109.87
2736.5	105.85
2736.625	98.35
2736.75	90.28
2736.875	84.17
2737	80.68
2737.125	78.98
2737.25	77.93
2737.375	77.08
2737.5	76.63
2737.625	76.69
2737.75	76.87
2737.875	77.16
2738	78.14
2738.125	80.23
2738.25	83.02
2738.375	85.16
2738.5	84.79
2738.625	80.72
2738.75	74.13
2738.875	68
2739	64.84
2739.125	65.11
2739.25	68.22
2739.375	73.09
2739.5	78.2
2739.625	82
2739.75	83.47
2739.875	82.45
2740	80.08
2740.125	78.65
2740.25	79.73
2740.375	82.46
2740.5	84.32
2740.625	84.5
2740.75	84.23
2740.875	84.25
2741	83.91
2741.125	82.38
2741.25	79.61
2741.375	76.96
2741.5	77.28
2741.625	83.02
2741.75	92.45
2741.875	100.17
2742	102.48
2742.125	99.82
2742.25	94.94
2742.375	90.38
2742.5	87.87
2742.625	87.89
2742.75	89.48
2742.875	91.44
2743	94.31
2743.125	99.1
2743.25	105.27
2743.375	110.89
2743.5	114.51
2743.625	115.76
2743.75	114.92
2743.875	113.15
2744	111.42
2744.125	109.65
2744.25	107.05
2744.375	102.84
2744.5	97.23
2744.625	91.06
2744.75	85.43
2744.875	81.52
2745	79.77
2745.125	79.84
2745.25	81.46
2745.375	85.29
2745.5	92.16
2745.625	101.05
2745.75	108.13
2745.875	108.99
2746	101.15
2746.125	85.28
2746.25	66.89
2746.375	53.26
2746.5	48.42
2746.625	51.07
2746.75	56.85
2746.875	61.64
2747	62.8
2747.125	59.73
2747.25	54.42
2747.375	50.52
2747.5	51.42
2747.625	57.27
2747.75	64.56
2747.875	69.32
2748	70.38
2748.125	69.77
2748.25	70.01
2748.375	72.15
2748.5	75.85
2748.625	79.67
2748.75	81.76
2748.875	81.21
2749	79.24
2749.125	78.03
2749.25	78.6
2749.375	80.21
2749.5	82
2749.625	84.74
2749.75	89.42
2749.875	95.63
2750	101.85
2750.125	106.94
2750.25	110.57
2750.375	112.96
2750.5	113.96
2750.625	112.55
2750.75	108.82
2750.875	105.12
2751	104.41
2751.125	105.95
2751.25	106.22
2751.375	103.49
2751.5	99.13
2751.625	94.93
2751.75	91.42
2751.875	88.59
2752	86.72
2752.125	85.88
2752.25	85.45
2752.375	84.32
2752.5	82.32
2752.625	80.16
2752.75	78.68
2752.875	78.47
2753	79.98
2753.125	83.02
2753.25	86.73
2753.375	90.81
2753.5	95.26
2753.625	99.15
2753.75	101.12
2753.875	102.02
2754	103.77
2754.125	106.99
2754.25	110.58
2754.375	113.3
2754.5	114.35
2754.625	113.6
2754.75	111.79
2754.875	110.61
2755	110.65
2755.125	110.36
2755.25	108.54
2755.375	106.43
2755.5	106.03
2755.625	106.46
2755.75	105.67
2755.875	104.24
2756	104.59
2756.125	108.03
2756.25	113.22
2756.375	117.39
2756.5	117.88
2756.625	114.69
2756.75	110.67
2756.875	108.7
2757	108.08
2757.125	105.87
2757.25	100.17
2757.375	92.79
2757.5	87.42
2757.625	87.68
2757.75	93.84
2757.875	103.31
2758	111.79
2758.125	116.12
2758.25	115.1
2758.375	110.06
2758.5	103.72
2758.625	98.99
2758.75	96.61
2758.875	95.49
2759	93.99
2759.125	91.61
2759.25	89.24
2759.375	88.31
2759.5	88.83
2759.625	89.27
2759.75	88.65
2759.875	87.63
2760	87.1
2760.125	87.07
2760.25	87.18
2760.375	86.76
2760.5	85.33
2760.625	83.38
2760.75	82.5
2760.875	82.62
2761	81.81
2761.125	79.44
2761.25	77.35
2761.375	77.44
2761.5	79.4
2761.625	81.9
2761.75	84.23
2761.875	86.17
2762	87.59
2762.125	88.65
2762.25	89.88
2762.375	91.49
2762.5	92.92
2762.625	94.07
2762.75	96.41
2762.875	101.5
2763	108.84
2763.125	115.49
2763.25	118.74
2763.375	118.16
2763.5	114.96
2763.625	110.79
2763.75	106.45
2763.875	101.9
2764	97.32
2764.125	93.33
2764.25	91.08
2764.375	90.74
2764.5	92.32
2764.625	96.14
2764.75	101.26
2764.875	104.47
2765	103.08
2765.125	97.5
2765.25	92.26
2765.375	90.98
2765.5	93.7
2765.625	97.44
2765.75	99.87
2765.875	101.51
2766	104.18
2766.125	106.9
2766.25	106.7
2766.375	103.49
2766.5	100.07
2766.625	99.71
2766.75	102.55
2766.875	106.92
2767	110.79
2767.125	112.65
2767.25	111.62
2767.375	108.27
2767.5	103.4
2767.625	97.52
2767.75	91.78
2767.875	87.46
2768	86.08
2768.125	87.2
2768.25	89.12
2768.375	90.01
2768.5	89.09
2768.625	87
2768.75	85.08
2768.875	84.78
2769	87.16
2769.125	91.09
2769.25	94.06
2769.375	93.9
2769.5	90.96
2769.625	86.75
2769.75	82.99
2769.875	80.87
2770	79.93
2770.125	78.91
2770.25	77.54
2770.375	76.96
2770.5	78.4
2770.625	80.99
2770.75	83.01
2770.875	84.02
2771	84.55
2771.125	85.43
2771.25	86.93
2771.375	89.09
2771.5	92.93
2771.625	98.51
2771.75	104.71
2771.875	110.41
2772	115.02
2772.125	117.65
2772.25	117.38
2772.375	115.5
2772.5	114.06
2772.625	112.71
2772.75	109.81
2772.875	105.6
2773	102.03
2773.125	99.09
2773.25	94.67
2773.375	89.39
2773.5	85.87
2773.625	85.84
2773.75	87.7
2773.875	88.47
2774	86.11
2774.125	81.56
2774.25	78.12
2774.375	78.13
2774.5	80.65
2774.625	83.12
2774.75	84.63
2774.875	85.58
2775	85.7
2775.125	84.07
2775.25	80.77
2775.375	78.56
2775.5	79.79
2775.625	84.97
2775.75	91.67
2775.875	97.27
2776	100.1
2776.125	100.7
2776.25	100.15
2776.375	99.85
2776.5	100.61
2776.625	102.74
2776.75	104.99
2776.875	105.26
2777	102.42
2777.125	98.14
2777.25	95.04
2777.375	95.36
2777.5	98.3
2777.625	100.54
2777.75	99.07
2777.875	96.14
2778	94.93
2778.125	96.58
2778.25	98.51
2778.375	98.64
2778.5	97.03
2778.625	94.85
2778.75	93.79
2778.875	94.54
2779	95.79
2779.125	95.76
2779.25	93.67
2779.375	90.28
2779.5	87.24
2779.625	85.12
2779.75	83.16
2779.875	80.31
2780	77.19
2780.125	75.94
2780.25	77.64
2780.375	81.32
2780.5	85.46
2780.625	89.54
2780.75	93.72
2780.875	96.39
2781	95.09
2781.125	89.81
2781.25	83.42
2781.375	78.48
2781.5	75.62
2781.625	75.04
2781.75	77.09
2781.875	81.3
2782	85.21
2782.125	87.29
2782.25	86.17
2782.375	81.85
2782.5	75.15
2782.625	67.26
2782.75	59.85
2782.875	54.46
2783	53.59
2783.125	57.56
2783.25	63.56
2783.375	65.9
2783.5	62.47
2783.625	55.3
2783.75	49.17
2783.875	46.02
2784	45.81
2784.125	46.83
2784.25	47.58
2784.375	47.17
2784.5	46.83
2784.625	48.16
2784.75	51.64
2784.875	56.04
2785	59.49
2785.125	60.78
2785.25	60.76
2785.375	62.24
2785.5	67.18
2785.625	75.33
2785.75	87.14
2785.875	100.17
2786	109.54
2786.125	109.45
2786.25	101.59
2786.375	91.91
2786.5	86.64
2786.625	85.65
2786.75	87.3
2786.875	89.41
2787	91.03
2787.125	91.67
2787.25	91.8
2787.375	91.81
2787.5	91.34
2787.625	89.6
2787.75	86.73
2787.875	83.32
2788	79.38
2788.125	75.56
2788.25	73.25
2788.375	72.56
2788.5	72.36
2788.625	71.3
2788.75	69.93
2788.875	70.46
2789	74
2789.125	79.67
2789.25	84.12
2789.375	85.78
2789.5	85.19
2789.625	83.55
2789.75	81.72
2789.875	80.48
2790	80.89
2790.125	82.33
2790.25	82.38
2790.375	80.26
2790.5	76.98
2790.625	73.48
2790.75	69.8
2790.875	66.24
2791	64.45
2791.125	65.02
2791.25	67.17
2791.375	69.32
2791.5	71.12
2791.625	73.38
2791.75	77.6
2791.875	84.54
2792	93.12
2792.125	99.98
2792.25	103.88
2792.375	106.19
2792.5	108.58
2792.625	110.77
2792.75	111.79
2792.875	112.23
2793	113.3
2793.125	114.67
2793.25	115.07
2793.375	113.6
2793.5	111.89
2793.625	111.59
2793.75	113.27
2793.875	116
2794	118.83
2794.125	120.65
2794.25	121.04
2794.375	119.68
2794.5	117.41
2794.625	115.45
2794.75	114.71
2794.875	115.06
2795	115.66
2795.125	116
2795.25	116.67
2795.375	117.28
2795.5	116.42
2795.625	113.64
2795.75	109.32
2795.875	104.57
2796	100.4
2796.125	97.78
2796.25	98.01
2796.375	100.49
2796.5	101.98
2796.625	99.26
2796.75	93
2796.875	86.94
2797	83.5
2797.125	80.42
2797.25	74.27
2797.375	66.84
2797.5	63.75
2797.625	69.16
2797.75	80.17
2797.875	91.58
2798	100.02
2798.125	104.75
2798.25	105.66
2798.375	104
2798.5	101.12
2798.625	98.74
2798.75	97.57
2798.875	97.77
2799	99.55
2799.125	102.31
2799.25	104.38
2799.375	103.61
2799.5	99.23
2799.625	92.11
2799.75	84.96
2799.875	79.92
2800	78.32
2800.125	79.33
2800.25	81.59
2800.375	83.94
2800.5	85.98
2800.625	87.63
2800.75	89.21
2800.875	90.93
2801	92.73
2801.125	94.36
2801.25	95.39
2801.375	95.92
2801.5	96.41
2801.625	96.96
2801.75	97.42
2801.875	97.26
2802	96.96
2802.125	97.52
2802.25	98.47
2802.375	98.85
2802.5	98.38
2802.625	97.74
2802.75	96.79
2802.875	94.04
2803	89.35
2803.125	84.77
2803.25	82.64
2803.375	83.42
2803.5	86.4
2803.625	90.64
2803.75	95.49
2803.875	99.24
2804	99.52
2804.125	94.99
2804.25	87.22
2804.375	79.35
2804.5	74.26
2804.625	72.23
2804.75	71.89
2804.875	71.41
2805	69.81
2805.125	67.05
2805.25	63.47
2805.375	59.83
2805.5	56.97
2805.625	55.66
2805.75	55.86
2805.875	56.91
2806	58.11
2806.125	59.29
2806.25	59.88
2806.375	59.58
2806.5	59.81
2806.625	63.85
2806.75	73.84
2806.875	88.45
2807	102.74
2807.125	113.02
2807.25	118.8
2807.375	121.52
2807.5	122.03
2807.625	120.73
2807.75	118.13
2807.875	114.45
2808	110.54
2808.125	108.1
2808.25	108.08
2808.375	109.72
2808.5	111.59
2808.625	113.06
2808.75	114.18
2808.875	114.54
2809	113.98
2809.125	113.2
2809.25	112.51
2809.375	111.06
2809.5	108.6
2809.625	107.38
2809.75	109.85
2809.875	114.48
2810	118.3
2810.125	119.5
2810.25	118.09
2810.375	114.86
2810.5	111.6
2810.625	109.26
2810.75	106.72
2810.875	102.67
2811	98.63
2811.125	97.39
2811.25	98.88
2811.375	100.11
2811.5	98.19
2811.625	93.72
2811.75	89.22
2811.875	86.39
2812	85.23
2812.125	86.69
2812.25	91.89
2812.375	99.45
2812.5	105.16
2812.625	105.82
2812.75	102.22
2812.875	97.21
2813	92.97
2813.125	89.35
2813.25	85.08
2813.375	80.07
2813.5	76.17
2813.625	75.64
2813.75	78.73
2813.875	83.45
2814	87.03
2814.125	88.03
2814.25	86.66
2814.375	84.52
2814.5	82.69
2814.625	81.12
2814.75	78.87
2814.875	76.12
2815	74.55
2815.125	75.01
2815.25	76.31
2815.375	76.82
2815.5	77.13
2815.625	78.76
2815.75	81.59
2815.875	84.34
2816	86.48
2816.125	87.78
2816.25	87.4
2816.375	85.14
2816.5	82.8
2816.625	82.81
2816.75	85.45
2816.875	88.58
2817	90.55
2817.125	91.43
2817.25	91.53
2817.375	90
2817.5	86
2817.625	80.96
2817.75	77.58
2817.875	76.65
2818	77.22
2818.125	78.4
2818.25	79.71
2818.375	80.65
2818.5	81.18
2818.625	82.35
2818.75	84.88
2818.875	87.43
2819	87.63
2819.125	84.44
2819.25	79.58
2819.375	75.67
2819.5	73.89
2819.625	72.86
2819.75	71.31
2819.875	69.83
2820	70.07
2820.125	72.55
2820.25	76.19
2820.375	79.59
2820.5	81.96
2820.625	83.69
2820.75	85.61
2820.875	87.89
2821	89.96
2821.125	91.17
2821.25	91.15
2821.375	90.09
2821.5	88.05
2821.625	84.67
2821.75	79.68
2821.875	74.71
2822	72.69
2822.125	75.09
2822.25	80.77
2822.375	87.03
2822.5	91
2822.625	90.4
2822.75	84.99
2822.875	76.56
2823	67.63
2823.125	59.91
2823.25	54.62
2823.375	52.28
2823.5	52.92
2823.625	56.07
2823.75	60.6
2823.875	65.47
2824	70.53
2824.125	76.76
2824.25	84.5
2824.375	92.27
2824.5	98.11
2824.625	101.21
2824.75	101.73
2824.875	99.73
2825	95.93
2825.125	92.26
2825.25	90.45
2825.375	90.37
2825.5	90.45
2825.625	89.56
2825.75	87.48
2825.875	84.48
2826	81.56
2826.125	80.48
2826.25	82.2
2826.375	85.69
2826.5	88.96
2826.625	90.58
2826.75	89.81
2826.875	86.63
2827	82.18
2827.125	78.72
2827.25	78.05
2827.375	80.22
2827.5	83.58
2827.625	86.31
2827.75	88.14
2827.875	90.31
2828	93.59
2828.125	96.87
2828.25	98.28
2828.375	96.92
2828.5	93.64
2828.625	90.22
2828.75	88.4
2828.875	88.79
2829	90.26
2829.125	90.41
2829.25	87.65
2829.375	83.15
2829.5	80.04
2829.625	80.32
2829.75	83.29
2829.875	87.08
2830	90.91
2830.125	94.93
2830.25	98.39
2830.375	100.14
2830.5	100.12
2830.625	99.03
2830.75	97.13
2830.875	94.67
2831	92.37
2831.125	90.24
2831.25	86.8
2831.375	81.57
2831.5	77.23
2831.625	77.14
2831.75	81.92
2831.875	88.97
2832	94.96
2832.125	98.22
2832.25	98.82
2832.375	97.6
2832.5	94.99
2832.625	91.34
2832.75	87.27
2832.875	83.11
2833	78.87
2833.125	74.69
2833.25	70.81
2833.375	67.04
2833.5	63.26
2833.625	60.23
2833.75	58.59
2833.875	57.82
2834	56.75
2834.125	55.09
2834.25	54.15
2834.375	56.06
2834.5	61.43
2834.625	67.83
2834.75	71.4
2834.875	70.24
2835	66.05
2835.125	62.46
2835.25	62.16
2835.375	65.5
2835.5	70.04
2835.625	72.67
2835.75	72.96
2835.875	72.34
2836	71.26
2836.125	68.99
2836.25	65.93
2836.375	64.5
2836.5	65.8
2836.625	68.79
2836.75	71.59
2836.875	72.51
2837	70.5
2837.125	66.03
2837.25	61.14
2837.375	58.15
2837.5	58.22
2837.625	61
2837.75	65.13
2837.875	68.38
2838	69.02
2838.125	67.14
2838.25	64.49
2838.375	62.39
2838.5	61.12
2838.625	61
2838.75	62.77
2838.875	66.5
2839	71.38
2839.125	76.45
2839.25	80.23
2839.375	81.18
2839.5	78.76
2839.625	75.48
2839.75	75.09
2839.875	79.4
2840	85.62
2840.125	89.52
2840.25	89.69
2840.375	88.83
2840.5	90.62
2840.625	96.04
2840.75	103.01
2840.875	107.09
2841	105.05
2841.125	97.56
2841.25	87.91
2841.375	78.89
2841.5	71.26
2841.625	65.41
2841.75	61.82
2841.875	60.67
2842	61.2
2842.125	62.58
2842.25	64.25
2842.375	65.69
2842.5	66.23
2842.625	65.09
2842.75	62.37
2842.875	59.05
2843	56.35
2843.125	54.5
2843.25	53.46
2843.375	53.82
2843.5	56.13
2843.625	60.65
2843.75	66.82
2843.875	73.2
2844	76.9
2844.125	76.1
2844.25	72.26
2844.375	69.82
2844.5	71.15
2844.625	74.68
2844.75	76.67
2844.875	75.31
2845	71.26
2845.125	66.62
2845.25	63.23
2845.375	62.29
2845.5	63.24
2845.625	64.37
2845.75	64.64
2845.875	64.96
2846	66.57
2846.125	68.38
2846.25	68.06
2846.375	65.39
2846.5	63.66
2846.625	65.91
2846.75	72.63
2846.875	81.42
2847	89.7
2847.125	94.81
2847.25	95.6
2847.375	92.65
2847.5	87.12
2847.625	80.88
2847.75	76.3
2847.875	75.61
2848	77.57
2848.125	79.15
2848.25	78.76
2848.375	77.6
2848.5	77.42
2848.625	78.28
2848.75	79.48
2848.875	81.12
2849	83.96
2849.125	87.7
2849.25	89.84
2849.375	88.75
2849.5	85.65
2849.625	83.61
2849.75	83.52
2849.875	83.62
2850	81.34
2850.125	76.3
2850.25	69.64
2850.375	62.99
2850.5	57.76
2850.625	55.4
2850.75	55.71
2850.875	57.48
2851	60.1
2851.125	65.08
2851.25	74.37
2851.375	86.61
2851.5	97.52
2851.625	103.31
2851.75	104.77
2851.875	104.53
2852	103.73
2852.125	101.62
2852.25	97.75
2852.375	93.74
2852.5	91.71
2852.625	92.13
2852.75	93.56
2852.875	94.44
2853	94.52
2853.125	95.02
2853.25	96.49
2853.375	98.38
2853.5	99.7
2853.625	100.14
2853.75	99.98
2853.875	98.78
2854	95.26
2854.125	90.06
2854.25	86.41
2854.375	86.31
2854.5	87.89
2854.625	87.67
2854.75	84.52
2854.875	81.53
2855	81.9
2855.125	86.11
2855.25	90.34
2855.375	91.72
2855.5	90.57
2855.625	89.45
2855.75	88.85
2855.875	88.49
2856	89.56
2856.125	92.8
2856.25	96.12
2856.375	97.25
2856.5	95.53
2856.625	92.68
2856.75	89.78
2856.875	86.97
2857	83.6
2857.125	78.94
2857.25	72.66
2857.375	65.62
2857.5	59.01
2857.625	54.7
2857.75	53.64
2857.875	55.6
2858	58.35
2858.125	60.18
2858.25	60.8
2858.375	60.43
2858.5	58.96
2858.625	56.95
2858.75	55.96
2858.875	56.76
2859	58.64
2859.125	60.74
2859.25	63.13
2859.375	65.76
2859.5	68.04
2859.625	69.41
2859.75	70.86
2859.875	74.12
2860	79.06
2860.125	82.93
2860.25	83.92
2860.375	83.01
2860.5	82.78
2860.625	83.84
2860.75	85.89
2860.875	88.66
2861	91.43
2861.125	93.35
2861.25	94.26
2861.375	94.87
2861.5	95.75
2861.625	95.24
2861.75	90.15
2861.875	81
2862	70.25
2862.125	61.57
2862.25	56.42
2862.375	54.62
2862.5	54.68
2862.625	54.68
2862.75	54.12
2862.875	54.41
2863	56.33
2863.125	59.07
2863.25	60.32
2863.375	59.41
2863.5	57.83
2863.625	57.19
2863.75	57.36
2863.875	57.08
2864	56.21
2864.125	55.67
2864.25	56.9
2864.375	60.37
2864.5	65.28
2864.625	69.25
2864.75	69.86
2864.875	65.59
2865	59.69
2865.125	55.86
2865.25	56.06
2865.375	57.25
2865.5	57.33
2865.625	57.27
2865.75	58.31
2865.875	60.2
2866	60.77
2866.125	59.09
2866.25	56.83
2866.375	56.73
2866.5	59.29
2866.625	63.17
2866.75	67.04
2866.875	70.81
2867	74.13
2867.125	77.05
2867.25	81.17
2867.375	87.4
2867.5	93.9
2867.625	97.42
2867.75	96.22
2867.875	91.52
2868	86.32
2868.125	82.88
2868.25	80.23
2868.375	75.02
2868.5	67.56
2868.625	61.52
2868.75	61.4
2868.875	67.97
2869	80.21
2869.125	94.2
2869.25	105.25
2869.375	108.54
2869.5	103.65
2869.625	93.29
2869.75	81.86
2869.875	72.67
2870	66.3
2870.125	62.32
2870.25	60.02
2870.375	58.94
2870.5	58.35
2870.625	57.66
2870.75	57.53
2870.875	59.1
2871	62.63
2871.125	66.5
2871.25	68.29
2871.375	68.96
2871.5	71.76
2871.625	76.45
2871.75	79.27
2871.875	76.84
2872	70.79
2872.125	64.51
2872.25	60.8
2872.375	60.05
2872.5	61.62
2872.625	64.01
2872.75	66.04
2872.875	66.97
2873	66.75
2873.125	65.76
2873.25	65.16
2873.375	65.64
2873.5	66.89
2873.625	68.64
2873.75	71.84
2873.875	77.34
2874	83.51
2874.125	87.61
2874.25	88.47
2874.375	87.57
2874.5	86.89
2874.625	87.57
2874.75	87.88
2874.875	85.12
2875	79.2
2875.125	73.95
2875.25	71.97
2875.375	71.48
2875.5	69.4
2875.625	65.35
2875.75	61.58
2875.875	59.32
2876	58.34
2876.125	57.9
2876.25	58.39
2876.375	60.84
2876.5	65.61
2876.625	72.13
2876.75	78.56
2876.875	83.37
2877	85.81
2877.125	85.75
2877.25	83.63
2877.375	80.79
2877.5	78.83
2877.625	78.59
2877.75	80.34
2877.875	83.44
2878	86.23
2878.125	86.44
2878.25	83.24
2878.375	77.56
2878.5	71.55
2878.625	68.08
2878.75	69.79
2878.875	76.08
2879	83.52
2879.125	89.3
2879.25	93.2
2879.375	95.52
2879.5	95.08
2879.625	90.8
2879.75	84.46
2879.875	79.66
2880	77.88
2880.125	77.41
2880.25	75.38
2880.375	70.64
2880.5	64.2
2880.625	58.75
2880.75	57.24
2880.875	60.52
2881	66.51
2881.125	73.06
2881.25	79.35
2881.375	85.29
2881.5	90.14
2881.625	93.23
2881.75	94.28
2881.875	92.62
2882	87.49
2882.125	79.24
2882.25	70.36
2882.375	64.1
2882.5	62.8
2882.625	66.58
2882.75	72.87
2882.875	77.87
2883	78.99
2883.125	76.2
2883.25	70.77
2883.375	64.09
2883.5	57.79
2883.625	53.77
2883.75	52.72
2883.875	53.5
2884	54.39
2884.125	54.73
2884.25	55.2
2884.375	56.86
2884.5	60.29
2884.625	64.46
2884.75	67.24
2884.875	67.56
2885	66.88
2885.125	67.3
2885.25	69.11
2885.375	70.77
2885.5	71.13
2885.625	70.38
2885.75	68.95
2885.875	67.03
2886	64.84
2886.125	62.78
2886.25	61.42
2886.375	61.18
2886.5	61.97
2886.625	63.54
2886.75	66.59
2886.875	72.44
2887	80.96
2887.125	89
2887.25	93.53
2887.375	93.32
2887.5	88.98
2887.625	81.57
2887.75	73.55
2887.875	67.97
2888	66.83
2888.125	69.65
2888.25	74.35
2888.375	78.03
2888.5	78.68
2888.625	76.02
2888.75	72.2
2888.875	70.44
2889	72.32
2889.125	76.95
2889.25	81.72
2889.375	84.92
2889.5	86.56
2889.625	86.67
2889.75	85.15
2889.875	83.52
2890	83.17
2890.125	83.87
2890.25	83.06
2890.375	78.99
2890.5	72.85
2890.625	67.88
2890.75	66.54
2890.875	68.4
2891	70.54
2891.125	70.34
2891.25	67.53
2891.375	63.78
2891.5	61.76
2891.625	63.14
2891.75	68.18
2891.875	76.16
2892	84.41
2892.125	89.65
2892.25	89.57
2892.375	85.83
2892.5	81.17
2892.625	76.63
2892.75	71.5
2892.875	65.06
2893	58.52
2893.125	53.61
2893.25	51.47
2893.375	51.31
2893.5	52.42
2893.625	54.92
2893.75	58.58
2893.875	62.62
2894	66.65
2894.125	70.78
2894.25	74.62
2894.375	77.14
2894.5	77.87
2894.625	76.96
2894.75	75.63
2894.875	75.01
2895	75.99
2895.125	77.87
2895.25	79.5
2895.375	80.59
2895.5	80.85
2895.625	79.61
2895.75	77.54
2895.875	77.27
2896	81.26
2896.125	87.8
2896.25	92.56
2896.375	90.9
2896.5	83.21
2896.625	73.63
2896.75	69.41
2896.875	72.65
2897	80.24
2897.125	85.92
2897.25	87.36
2897.375	86.19
2897.5	85.2
2897.625	84.14
2897.75	81.36
2897.875	77.04
2898	73.91
2898.125	75.98
2898.25	82.2
2898.375	89.2
2898.5	92.88
2898.625	93.36
2898.75	92.5
2898.875	92.26
2899	93.94
2899.125	99.2
2899.25	108.15
2899.375	118.32
2899.5	124.67
2899.625	124.2
2899.75	118.35
2899.875	111.95
2900	107.7
2900.125	104.4
2900.25	100.06
2900.375	94.86
2900.5	89
2900.625	82.71
2900.75	77.77
2900.875	77.13
2901	80.58
2901.125	84.65
2901.25	85.85
2901.375	84.65
2901.5	82.89
2901.625	82.01
2901.75	81.69
2901.875	82.21
2902	84.57
2902.125	88.33
2902.25	91.3
2902.375	90.74
2902.5	86.15
2902.625	78.95
2902.75	72.3
2902.875	68
2903	65.87
2903.125	64.39
2903.25	63.09
2903.375	62.51
2903.5	63.64
2903.625	67.18
2903.75	72.81
2903.875	78.6
2904	82.29
2904.125	83.08
2904.25	81.76
2904.375	79.48
2904.5	77.07
2904.625	75.07
2904.75	75.09
2904.875	78.55
2905	85.18
2905.125	92.06
2905.25	96.27
2905.375	96.71
2905.5	94.14
2905.625	89.68
2905.75	84.23
2905.875	78.85
2906	74.4
2906.125	72.12
2906.25	74.17
2906.375	81.97
2906.5	92.41
2906.625	98.52
2906.75	97.6
2906.875	94.17
2907	93.67
2907.125	96.58
2907.25	99.88
2907.375	102.66
2907.5	105.77
2907.625	108.89
2907.75	109.93
2907.875	107.7
2908	104.18
2908.125	102.24
2908.25	104.02
2908.375	109.42
2908.5	116.24
2908.625	121.1
2908.75	122.63
2908.875	121.72
2909	119.44
2909.125	115.11
2909.25	108.03
2909.375	99.7
2909.5	92.45
2909.625	88.64
2909.75	89.44
2909.875	93.8
2910	98.03
2910.125	98.35
2910.25	93.81
2910.375	87.1
2910.5	81.81
2910.625	79.46
2910.75	78.62
2910.875	77.1
2911	74.21
2911.125	70.94
2911.25	68.48
2911.375	67.15
2911.5	67.02
2911.625	68.66
2911.75	72.41
2911.875	77.58
2912	82.99
2912.125	87.59
2912.25	90.27
2912.375	89.61
2912.5	84.94
2912.625	77.52
2912.75	69.92
2912.875	65.05
2913	64.62
2913.125	68.17
2913.25	73.31
2913.375	77.43
2913.5	79.49
2913.625	80.1
2913.75	80.75
2913.875	82.97
2914	86.48
2914.125	88.99
2914.25	88.87
2914.375	86.77
2914.5	84.37
2914.625	82.35
2914.75	79.95
2914.875	76.18
2915	71.11
2915.125	66.39
2915.25	63.89
2915.375	63.99
2915.5	65.34
2915.625	66.49
2915.75	67.3
2915.875	68.73
2916	71.49
2916.125	75.23
2916.25	79.38
2916.375	83.76
2916.5	88.5
2916.625	93.14
2916.75	96.53
2916.875	97.63
2917	96.54
2917.125	95.08
2917.25	95.49
2917.375	98.54
2917.5	103.07
2917.625	107.33
2917.75	109.18
2917.875	107.43
2918	103.39
2918.125	100.44
2918.25	100.04
2918.375	100.13
2918.5	98.97
2918.625	97.81
2918.75	99.25
2918.875	103.27
2919	107.63
2919.125	110.53
2919.25	112.12
2919.375	113.35
2919.5	114.34
2919.625	114.22
2919.75	112.1
2919.875	108.51
2920	105.34
2920.125	104.2
2920.25	105.13
2920.375	106.92
2920.5	108.75
2920.625	110.46
2920.75	111.31
2920.875	109.92
2921	105.72
2921.125	99.77
2921.25	93.77
2921.375	88.75
2921.5	85.25
2921.625	83.49
2921.75	82.62
2921.875	81.4
2922	79.35
2922.125	77.15
2922.25	75.96
2922.375	76.46
2922.5	78.26
2922.625	80.25
2922.75	81.56
2922.875	82.83
2923	85.49
2923.125	90.02
2923.25	95.41
2923.375	99.62
2923.5	100.95
2923.625	99.35
2923.75	96.28
2923.875	93.47
2924	91.76
2924.125	91.18
2924.25	91.62
2924.375	92.97
2924.5	94.65
2924.625	95.86
2924.75	96.25
2924.875	96.22
2925	96.4
2925.125	96.79
2925.25	96.7
2925.375	95.96
2925.5	95.88
2925.625	98.22
2925.75	103.07
2925.875	108.38
2926	111.3
2926.125	110.98
2926.25	109.14
2926.375	108.48
2926.5	110.13
2926.625	113.11
2926.75	115.91
2926.875	117.7
2927	118.22
2927.125	117.77
2927.25	117.11
2927.375	117.02
2927.5	117.7
2927.625	119.19
2927.75	121.44
2927.875	123.51
2928	123.91
2928.125	122.23
2928.25	119.34
2928.375	116.41
2928.5	113.82
2928.625	111.31
2928.75	108.55
2928.875	105.42
2929	101.69
2929.125	97.31
2929.25	92.78
2929.375	89.2
2929.5	87.97
2929.625	90.01
2929.75	95.21
2929.875	101.66
2930	106.72
2930.125	108.99
2930.25	109.18
2930.375	108.9
2930.5	108.37
2930.625	106.39
2930.75	101.96
2930.875	95.5
2931	89.06
2931.125	85.05
2931.25	84.6
2931.375	86.8
2931.5	89.58
2931.625	91.58
2931.75	93.05
2931.875	95.03
2932	97.82
2932.125	100.64
2932.25	102.72
2932.375	104.15
2932.5	105.44
2932.625	106.78
2932.75	108.05
2932.875	109.23
2933	110.31
2933.125	110.93
2933.25	110.86
2933.375	110.6
2933.5	110.51
2933.625	109.85
2933.75	106.52
2933.875	99.05
2934	88.1
2934.125	76.5
2934.25	68.08
2934.375	66.15
2934.5	71.28
2934.625	80.89
2934.75	90.96
2934.875	97.96
2935	100.66
2935.125	100.08
2935.25	98.51
2935.375	97.58
2935.5	97.44
2935.625	97.64
2935.75	97.79
2935.875	97.44
2936	96.32
2936.125	94.82
2936.25	94.15
2936.375	95.03
2936.5	96.74
2936.625	97.84
2936.75	97.71
2936.875	96.8
2937	95.87
2937.125	95.31
2937.25	95.45
2937.375	96.53
2937.5	98.17
2937.625	99.28
2937.75	98.93
2937.875	97.34
2938	95.77
2938.125	95.48
2938.25	96.64
2938.375	98.54
2938.5	100.26
2938.625	101.15
2938.75	100.95
2938.875	99.93
2939	98.85
2939.125	98.25
2939.25	98.14
2939.375	98.32
2939.5	98.84
2939.625	99.88
2939.75	101.14
2939.875	101.85
2940	101.63
