dept	gr	sp	cal	lld	msfl	lls	hac	den	cnl	rmn	rmg
1350	118.949	68.355	21.425	2.438	2.909	1.965	363.692	2.343	36.802	1.564	1.65
1350.125	118.087	68.339	21.551	2.47	2.923	1.998	354.699	2.391	34.298	1.607	1.71
1350.25	118.106	68.291	21.721	2.559	3.053	2.073	326.618	2.415	30.596	1.65	1.741
1350.375	118.443	68.248	21.802	2.625	3.168	2.133	307.939	2.406	29.718	1.863	1.861
1350.5	119.572	68.173	21.842	2.728	2.965	2.245	337.382	2.397	30.733	1.692	1.952
1350.625	119.22	68.122	21.835	2.725	2.948	2.275	353.621	2.394	31.933	1.735	1.831
1350.75	116.369	68.06	21.828	2.738	3.122	2.308	337.67	2.399	33.302	1.735	1.801
1350.875	114.611	68.034	21.856	2.797	3.316	2.363	313.353	2.413	33.744	1.821	1.801
1351	113.161	68.028	21.958	2.762	2.945	2.352	327.683	2.426	33.557	2.163	2.043
1351.125	113.391	68.048	22.045	2.683	3.013	2.285	341.675	2.42	33.337	2.206	2.164
1351.25	115.922	68.114	22.18	2.562	2.927	2.187	368.916	2.383	34.369	1.778	1.801
1351.375	118.11	68.178	22.26	2.514	2.967	2.153	361.285	2.352	36.668	1.735	1.741
1351.5	121.007	68.292	22.283	2.388	2.849	2.031	362.56	2.317	39.378	1.65	1.65
1351.625	121.653	68.374	22.227	2.336	2.97	1.961	368.055	2.306	39.882	1.607	1.529
1351.75	121.165	68.492	22.039	2.243	2.83	1.871	353.796	2.304	40.456	1.564	1.589
1351.875	119.954	68.563	21.873	2.204	2.75	1.831	356.346	2.301	40.58	1.436	1.529
1352	118.959	68.654	21.732	2.209	2.763	1.83	376.553	2.296	40.171	1.436	1.499
1352.125	119.615	68.703	21.679	2.198	2.811	1.808	372.191	2.302	39.961	1.521	1.589
1352.25	121.459	68.756	21.673	2.174	2.787	1.792	367.071	2.306	41.403	1.478	1.589
1352.375	122.889	68.778	21.671	2.19	2.714	1.793	375.071	2.298	42.303	1.436	1.559
1352.5	125.992	68.788	21.642	2.227	2.8	1.77	367.476	2.284	41.663	1.436	1.499
1352.625	129.05	68.778	21.623	2.163	2.732	1.705	366.164	2.285	42.421	1.393	1.499
1352.75	134.476	68.736	21.594	2.019	2.828	1.624	359.129	2.319	45.438	1.607	1.62
1352.875	139.802	68.692	21.616	1.871	2.773	1.53	356.158	2.354	45.431	1.436	1.529
1353	146.721	68.603	21.733	1.986	2.861	1.647	337.365	2.402	40.836	1.521	1.62
1353.125	148.847	68.536	21.865	2.085	2.816	1.742	329.551	2.42	36.513	1.564	1.499
1353.25	147.025	68.438	22.068	2.489	3.372	2.077	310.213	2.433	32.128	1.821	2.133
1353.375	141.362	68.384	22.126	2.731	3.135	2.319	317.965	2.442	30.388	2.248	2.284
1353.5	130.973	68.333	22.11	3.019	3.546	2.582	279.241	2.446	29.136	2.804	2.768
1353.625	124.884	68.324	22.043	2.994	3.301	2.625	323.914	2.435	28.635	2.462	2.677
1353.75	118.728	68.343	21.951	2.803	2.931	2.422	382.839	2.395	28.633	1.778	1.741
1353.875	117.184	68.373	21.916	2.644	2.961	2.306	372.525	2.362	31.383	1.692	1.68
1354	118.309	68.426	21.873	2.376	2.882	2.082	377.596	2.337	38.069	1.65	1.62
1354.125	119.932	68.459	21.833	2.38	2.915	2.073	367.807	2.343	40.717	1.778	1.741
1354.25	121.363	68.491	21.804	2.329	2.911	2.011	331.202	2.356	37.897	1.735	1.741
1354.375	121.497	68.496	21.782	2.291	3.117	1.962	307.623	2.35	33.993	1.821	1.861
1354.5	121.518	68.477	21.82	2.252	2.819	1.911	353.808	2.343	31.152	1.607	1.71
1354.625	121.195	68.447	21.873	2.269	2.865	1.922	355.977	2.355	31.212	1.564	1.65
1354.75	119.767	68.378	21.989	2.289	3.177	1.947	321.971	2.386	31.57	1.564	1.65
1354.875	118.607	68.316	22.089	2.408	3.412	2.041	321.357	2.408	31.143	1.692	1.65
1355	117.701	68.205	22.233	2.655	3.195	2.239	333.059	2.436	31.9	1.821	1.801
1355.125	118.22	68.121	22.323	2.767	3.224	2.335	324.669	2.447	33.931	1.863	1.831
1355.25	119.571	67.989	22.415	2.882	3.335	2.453	313.183	2.458	36.451	2.077	2.073
1355.375	120.736	67.904	22.434	2.952	3.227	2.519	322.412	2.462	36.03	2.163	2.133
1355.5	121.346	67.797	22.417	2.967	3.332	2.576	326.72	2.469	33.453	2.248	2.194
1355.625	121.386	67.745	22.384	2.966	3.414	2.606	333.715	2.469	32.054	2.248	2.254
1355.75	121.598	67.705	22.338	3.057	3.322	2.683	325.57	2.459	30.662	2.248	2.254
1355.875	121.23	67.704	22.33	3.106	3.37	2.711	307.322	2.453	29.374	2.334	2.315
1356	120.589	67.733	22.371	3.115	3.376	2.731	310.986	2.451	28.643	2.377	2.345
1356.125	119.479	67.768	22.436	3.112	3.272	2.726	313.058	2.447	29.287	2.377	2.315
1356.25	118.118	67.826	22.589	3.037	3.325	2.66	314.195	2.43	30.043	2.377	2.315
1356.375	118.745	67.863	22.699	2.968	3.243	2.604	326.675	2.419	30.446	2.334	2.284
1356.5	120.792	67.905	22.827	2.886	3.257	2.541	337.875	2.422	32.117	2.291	2.254
1356.625	122.358	67.923	22.887	2.875	3.173	2.53	336.748	2.427	32.884	2.248	2.224
1356.75	123.105	67.936	22.885	2.9	3.06	2.552	326.914	2.425	31.3	2.077	2.012
1356.875	121.558	67.939	22.835	2.93	3.105	2.573	311.738	2.421	29.686	2.12	2.073
1357	119.033	67.942	22.684	2.999	3.237	2.628	305.909	2.419	28.785	2.206	2.164
1357.125	118.669	67.943	22.558	3.017	3.206	2.638	310.835	2.418	29.582	2.163	2.164
1357.25	120.02	67.945	22.38	2.9	3.167	2.53	330.273	2.409	31.936	2.206	2.224
1357.375	121.607	67.944	22.292	2.76	3.168	2.419	331.218	2.401	33.34	2.077	2.133
1357.5	124.173	67.935	22.241	2.573	3.043	2.267	348.511	2.393	32.982	1.863	1.922
1357.625	124.561	67.925	22.247	2.56	2.959	2.242	351.772	2.386	31.177	1.863	1.922
1357.75	123.949	67.908	22.319	2.704	3.001	2.36	335.675	2.382	29.503	1.863	1.861
1357.875	123.749	67.902	22.387	2.812	3.046	2.42	304.678	2.39	30.439	1.992	1.922
1358	123.985	67.911	22.512	2.925	3.337	2.46	301.698	2.414	32.473	2.719	2.677
1358.125	126.473	67.935	22.595	3.022	3.159	2.502	314.29	2.43	32.677	2.719	2.768
1358.25	135.25	67.999	22.7	2.775	3.041	2.33	296.353	2.438	32.277	2.12	2.164
1358.375	144.957	68.056	22.769	2.5	3.286	2.142	278.402	2.427	33.149	1.949	1.952
1358.5	161.689	68.144	22.86	2.279	3.191	1.97	333.328	2.409	34.991	1.863	2.012
1358.625	169.492	68.194	22.902	2.274	3.246	1.962	336.255	2.413	34.214	1.949	1.922
1358.75	169.862	68.235	22.868	2.246	3.501	1.926	308.551	2.427	32.05	1.821	2.103
1358.875	161.944	68.235	22.767	2.353	3.434	2.022	364.664	2.423	31.486	1.949	2.315
1359	145.399	68.192	22.535	2.581	3.079	2.256	343.992	2.405	30.965	1.863	1.71
1359.125	135.683	68.143	22.427	2.76	3.236	2.449	309.254	2.407	30.075	2.035	1.982
1359.25	124.426	68.052	22.418	3.013	3.21	2.692	308.101	2.432	29.736	2.248	2.194
1359.375	120.475	67.991	22.499	3.194	3.268	2.858	287.047	2.445	30.38	2.334	2.284
1359.5	118.016	67.911	22.594	3.21	3.777	2.961	299.335	2.452	30.453	2.591	2.587
1359.625	117.681	67.867	22.575	3.056	3.58	2.883	333.421	2.449	29.92	2.462	2.405
1359.75	119.292	67.816	22.385	2.781	3.32	2.644	339.68	2.433	29.082	2.206	2.164
1359.875	120.163	67.785	22.232	2.596	3.209	2.468	361.691	2.414	29.031	2.035	2.103
1360	120.645	67.735	22.113	2.362	2.98	2.269	375.384	2.385	29.864	1.863	1.861
1360.125	119.782	67.694	22.131	2.338	2.951	2.264	368.724	2.384	31.391	1.778	1.771
1360.25	117.469	67.62	22.244	2.628	3.17	2.556	342.765	2.411	32.63	1.778	1.801
1360.375	116.316	67.568	22.3	2.72	3.095	2.639	298.937	2.429	32.033	2.248	2.224
1360.5	117.337	67.499	22.266	2.749	4.862	2.675	303.483	2.407	31.236	3.232	3.735
1360.625	120.344	67.469	22.183	2.724	2.813	2.659	404.17	2.369	32.384	2.035	2.164
1360.75	125.113	67.463	22.093	2.616	2.882	2.539	368.795	2.341	36.333	1.821	1.801
1360.875	127.468	67.486	22.034	2.3	2.897	2.218	347.259	2.345	37.854	1.778	1.801
1361	128.868	67.556	22.043	2.18	2.938	2.003	346.739	2.347	36.613	1.735	1.771
1361.125	129.503	67.618	22.051	2.21	2.796	2.008	357.826	2.336	35.335	1.607	1.71
1361.25	133.129	67.716	22.077	2.082	2.818	1.932	348.654	2.323	34.777	1.692	1.68
1361.375	136.392	67.775	22.098	2.118	2.9	1.965	323.233	2.333	34.845	1.821	1.861
1361.5	141.719	67.847	22.109	2.305	2.954	2.12	343.792	2.363	34.701	1.692	1.831
1361.625	143.412	67.882	22.085	2.417	3.414	2.187	329.32	2.366	34.435	1.735	1.71
1361.75	142.22	67.918	22.018	2.364	2.989	2.137	331.918	2.329	33.693	1.949	1.892
1361.875	141.823	67.932	21.966	2.279	2.923	2.043	375.26	2.315	33.725	1.821	1.771
1362	141.559	67.937	21.962	2.112	2.934	1.939	364.223	2.363	33.836	1.735	1.71
1362.125	141.786	67.927	22.004	1.941	2.91	1.794	351.794	2.415	33.057	1.564	1.529
1362.25	141.676	67.89	22.104	2.208	3.265	2.054	306.793	2.472	31.72	1.692	1.771
1362.375	138.451	67.851	22.181	2.335	3.011	2.176	324.44	2.487	31.639	1.949	1.892
1362.5	130.593	67.782	22.333	2.654	6.758	2.489	252.022	2.485	30.721	2.505	2.647
1362.625	124.381	67.737	22.415	2.813	4.285	2.66	284.44	2.472	28.979	2.933	3.07
1362.75	116.996	67.685	22.528	3.175	3.684	3.029	324.21	2.451	28.356	2.676	2.647
1362.875	115.577	67.668	22.576	3.089	3.452	3.006	338.515	2.444	28.904	2.505	2.436
1363	115.315	67.675	22.526	2.99	3.505	2.928	300.261	2.44	28.793	2.377	2.164
1363.125	116.317	67.7	22.51	2.986	3.649	2.946	294.978	2.438	28.336	2.419	2.224
1363.25	118.26	67.76	22.438	2.909	3.657	2.925	341.235	2.434	29.149	2.462	2.405
1363.375	119.179	67.807	22.4	2.879	3.4	2.898	336.521	2.433	30.81	2.377	2.284
1363.5	120.517	67.881	22.358	2.757	3.816	2.738	292.605	2.437	32.871	2.291	2.194
1363.625	120.437	67.926	22.315	2.668	3.585	2.635	323.808	2.436	33.253	2.12	2.043
1363.75	119.769	67.984	22.278	2.692	3.589	2.634	333.132	2.433	32.025	2.035	1.952
1363.875	118.625	68.014	22.297	2.783	3.381	2.714	318.736	2.443	30.575	2.077	1.982
1364	117.3	68.047	22.346	2.872	4.023	2.76	294.183	2.464	30.485	2.676	2.859
1364.125	117.749	68.061	22.363	2.822	4.156	2.68	302.101	2.459	31.8	2.762	2.979
1364.25	119.603	68.07	22.357	2.854	4.131	2.644	349.949	2.432	32.445	2.719	3.07
1364.375	121.974	68.07	22.335	2.705	3.276	2.496	385.028	2.42	31.75	2.077	2.224
1364.5	126.395	68.063	22.365	2.341	3.107	2.171	306.439	2.434	30.819	1.906	1.861
1364.625	128.696	68.053	22.446	2.152	3.324	1.984	316.037	2.449	31.044	2.035	2.043
1364.75	129.894	68.034	22.615	2.278	3.341	2.071	332.193	2.459	32.316	1.992	2.103
1364.875	129.8	68.019	22.731	2.28	3.163	2.077	349.09	2.455	32.712	1.992	2.284
1365	129.089	67.993	22.801	2.253	3.468	2.085	330.805	2.428	31.663	1.992	2.224
1365.125	127.742	67.975	22.806	2.286	3.383	2.144	345.525	2.404	30.157	2.12	2.133
1365.25	124.363	67.949	22.773	2.845	3.166	2.697	365.015	2.404	28.742	2.077	1.952
1365.375	121.096	67.936	22.738	3.149	3.213	3.016	337.184	2.433	27.979	2.248	2.012
1365.5	115.618	67.925	22.708	3.332	3.76101	3.2	206.929	2.472	26.167	3.403	2.798
1365.625	113.704	67.926	22.673	3.356	8.61399	3.277	249.867	2.47	25.498	4.302	4.369
1365.75	114.207	67.941	22.598	3.35	3.718	3.362	342.469	2.456	25.99	2.591	2.556
1365.875	116.309	67.959	22.563	3.135	3.315	3.233	339.66	2.46	26.909	2.419	2.315
1366	119.804	67.995	22.523	2.665	3.046	2.746	301.746	2.462	27.916	1.992	2.012
1366.125	120.822	68.022	22.529	2.719	3.927	2.74	283.429	2.45	28.061	1.992	2.043
1366.25	119.648	68.061	22.553	2.754	3.216	2.761	312.06	2.434	28.08	1.992	2.012
1366.375	118.987	68.082	22.575	2.74	3.243	2.746	318.131	2.434	28.341	1.992	2.012
1366.5	121.151	68.103	22.621	2.613	3.24	2.582	332.086	2.44	29.138	1.992	2.043
1366.625	122.742	68.111	22.649	2.585	3.087	2.526	326.366	2.441	29.913	1.906	1.922
1366.75	125.836	68.117	22.689	2.507	3.253	2.411	297.408	2.437	31.941	1.906	1.952
1366.875	127.221	68.12	22.695	2.417	3.177	2.306	314.006	2.43	33.186	1.863	1.952
1367	127.453	68.123	22.701	2.218	3.082	2.128	339.894	2.431	32.871	1.863	1.922
1367.125	130.001	68.126	22.704	2.288	3.07	2.182	337.72	2.448	30.963	1.821	1.892
1367.25	135.615	68.128	22.69	2.488	3.303	2.326	319.747	2.46	28.741	2.035	2.133
1367.375	138.044	68.129	22.668	2.46	4.261	2.289	290.393	2.443	28.923	2.462	2.949
1367.5	136.091	68.127	22.551	2.436	3.156	2.287	341.894	2.399	30.829	2.077	2.405
1367.625	131.506	68.126	22.476	2.494	2.984	2.379	377.93	2.375	31.993	1.821	1.771
1367.75	125.715	68.127	22.394	2.4	3.071	2.441	339.824	2.363	32.315	1.821	1.892
1367.875	124.603	68.134	22.381	2.237	3.182	2.326	327.118	2.372	32.5	1.821	2.012
1368	125.884	68.156	22.384	2.321	3.147	2.427	338.548	2.387	32.592	1.906	1.922
1368.125	126.938	68.18	22.361	2.396	3.155	2.562	345.293	2.381	32.893	1.992	1.952
1368.25	126.484	68.223	22.281	2.412	3.143	2.655	337.923	2.353	34.136	1.949	1.952
1368.375	126.325	68.244	22.222	2.424	3.149	2.69	334.267	2.341	36.19	1.906	1.892
1368.5	127.888	68.244	22.162	2.473	3.134	2.743	358.655	2.346	38.997	1.863	1.831
1368.625	129.908	68.212	22.165	2.466	3.055	2.75	352.126	2.359	38.953	1.863	1.831
1368.75	132.063	68.115	22.259	2.538	3.182	2.812	305.147	2.368	36.214	2.12	2.073
1368.875	130.933	68.031	22.341	2.584	3.154	2.833	300.683	2.362	33.175	2.035	2.012
1369	127.404	67.898	22.387	2.576	3.381	2.768	319.165	2.352	30.775	1.949	1.892
1369.125	125.832	67.818	22.365	2.452	3.148	2.614	362.189	2.351	30.807	1.863	1.831
1369.25	126.741	67.677	22.264	2.247	2.988	2.34	394.157	2.354	31.291	1.778	1.801
1369.375	128.015	67.63	22.217	2.027	3.025	2.102	375.441	2.364	31.348	1.65	1.741
1369.5	125.822	67.198	22.32	1.667	3.045	1.728	303.646	2.41	30.862	1.564	1.771
1369.625	119.703	66.642	22.463	1.772	3.136	1.838	309.312	2.462	29.929	1.65	1.771
1369.75	106.182	65.401	22.775	2.583	3.06401	2.686	349.797	2.522	27.28	3.78801	3.49301
1369.875	97.75	64.372	22.971	3.288	7.78102	3.377	256.631	2.542	25.697	8.36501	8.44901
1370	89.561	62.739	23.174	4.597	8.38399	4.512	241.48	2.54	24.306	9.26399	9.44599
1370.125	87.651	61.684	23.263	5.537	5.84	5.262	260.19	2.522	23.339	7.467	7.331
1370.25	86.263	60.309	23.31	6.56	7.16699	6.266	291.009	2.49	21.517	5.92699	6.57499
1370.375	84.211	59.638	23.315	6.461	4.715	6.387	293.716	2.474	20.37	5.243	4.792
1370.5	80.229	59.113	23.307	6.69	6.75501	6.647	252.462	2.484	19.931	9.178	8.84201
1370.625	78.997	59.093	23.296	7.081	9.77299	6.962	253.191	2.494	20.35	9.991	10.443
1370.75	83.816	59.503	23.299	7.778	8.13301	7.511	241.044	2.485	20.994	10.247	10.503
1370.875	91.453	60.066	23.29	7.479	9.97999	7.311	260.873	2.463	21.202	7.50999	8.78099
1371	106.466	61.324	23.234	5.26399	5.96	5.406	293.742	2.428	22.028	4.815	5.276
1371.125	117.316	62.346	23.145	3.812	5.379	4.18	299.308	2.408	23.282	3.959	4.732
1371.25	130.909	63.926	22.957	2.531	3.87	2.853	341.865	2.39	26.186	2.591	3.191
1371.375	137.072	64.855	22.862	2.132	2.884	2.357	389.143	2.4	28.199	1.521	1.71
1371.5	142.396	65.898	22.808	1.897	2.976	2.03	350.045	2.443	29.223	1.564	1.741
1371.625	143.158	66.315	22.867	1.901	3.257	2.008	324.128	2.47	28.508	1.564	1.741
1371.75	141.423	66.545	23.013	2.228	4.588	2.301	300.034	2.483	27.05	1.949	2.496
1371.875	138.792	66.516	23.101	2.594	4.549	2.679	289.093	2.481	26.719	2.12	2.647
1372	133.969	66.32	23.162	2.946	3.909	3.1	292.289	2.478	26.843	2.89	3.1
1372.125	131.138	66.166	23.141	3.128	4.79	3.308	303.507	2.47	26.897	3.018	3.614
1372.25	127.654	65.939	23.073	3.377	3.885	3.591	297.284	2.446	26.477	2.462	2.617
1372.375	126.548	65.821	23.036	3.496	3.955	3.696	296.516	2.433	26.36	3.147	3.221
1372.5	126.8	65.697	23.001	3.368	4.402	3.595	278.825	2.429	27.517	4.9	5.85
1372.625	128.035	65.629	22.988	3.264	4.201	3.518	290.298	2.442	28.18	3.65999	4.55099
1372.75	133.04	65.536	22.973	3.217	4.177	3.492	308.764	2.472	27.994	2.762	2.919
1372.875	138.04	65.455	22.957	3.137	4.053	3.424	305.232	2.492	27.488	2.804	2.919
1373	144.491	65.267	22.927	2.863	4.05901	3.143	298.523	2.505	26.57	3.275	3.614
1373.125	145.542	65.039	22.903	2.964	6.35799	3.207	289.311	2.503	25.904	3.66	4.551
1373.25	139.047	64.542	22.9	3.588	4.111	3.76	294.643	2.49	25.849	3.361	3.191
1373.375	130.434	64.152	22.905	3.996	4.60401	4.131	282.731	2.482	26.232	4.43	4.249
1373.5	118.37	63.566	22.937	4.612	9.77699	4.601	269.901	2.473	25.442	5.457	5.941
1373.625	113.335	63.243	22.964	5.367	7.00399	5.156	276.028	2.469	24.46	4.858	5.064
1373.75	110.196	62.952	22.991	6.025	6.149	5.658	278.42	2.464	24.517	5.67	5.518
1373.875	110.824	62.956	22.995	5.679	6.103	5.436	272.82	2.46	25.281	5.542	5.971
1374	113.628	63.236	22.955	4.827	5.177	4.782	281.215	2.46	26.208	4.387	4.52
1374.125	115.865	63.54	22.914	4.318	5.186	4.37	280.151	2.458	26.404	4.558	4.792
1374.25	119.716	64.029	22.877	3.636	3.806	3.753	288.129	2.461	26.01	3.574	3.856
1374.375	121.153	64.297	22.885	3.465	3.649	3.582	291.13	2.471	25.528	3.104	3.221
1374.5	121.259	64.565	22.943	3.455	4.258	3.519	302.39	2.483	24.767	3.275	3.312
1374.625	121.834	64.635	22.986	3.592	4.576	3.59	295.713	2.481	24.824	3.446	3.463
1374.75	122.169	64.654	22.997	4.033	5.079	3.924	284.367	2.472	25.155	3.66	3.825
1374.875	122.308	64.655	22.967	4.186	5.58	4.055	282.013	2.472	25.061	3.361	3.402
1375	122.129	64.682	22.896	4.058	4.827	3.982	253.511	2.474	24.671	3.959	4.158
1375.125	120.134	64.718	22.857	3.842	5.426	3.824	270.368	2.475	24.652	3.703	3.886
1375.25	115.785	64.737	22.806	3.683	4.278	3.717	303.58	2.477	25.315	3.318	3.282
1375.375	112.733	64.721	22.799	3.787	3.658	3.804	300.86	2.477	26.038	4.002	4.03701
1375.5	109.928	64.649	22.813	4.258	5.792	4.165	258.531	2.475	26.927	4.259	4.43
1375.625	112.103	64.597	22.858	4.494	5.61201	4.328	264.142	2.472	26.864	5.029	4.94401
1375.75	121.295	64.553	23.043	4.372	6.66198	4.238	276.54	2.463	25.883	4.68699	5.60799
1375.875	128.652	64.554	23.235	4.087	4.344	4.035	298.216	2.455	25.718	3.189	3.554
1376	139.179	64.603	23.564	3.532	3.515	3.614	307.128	2.46	27.219	2.419	2.284
1376.125	144.285	64.621	23.709	3.177	3.646	3.31	293.877	2.469	28.075	2.462	2.284
1376.25	151.379	64.568	23.709	3.152	3.882	3.239	279.784	2.468	27.441	2.933	2.828
1376.375	158.185	64.449	23.58	3.496	4.03601	3.483	276.282	2.457	26.109	3.018	2.919
1376.5	171.853	64.202	23.281	3.913	6.38099	3.85	278.943	2.444	24.664	3.532	3.584
1376.625	182.703	64.048	23.121	4	4.833	3.947	277.984	2.439	24.413	4.002	3.946
1376.75	197.978	63.881	22.97	3.992	4.937	3.975	283.986	2.428	24.412	3.746	3.977
1376.875	205.549	63.828	22.91	3.875	4.614	3.885	287.218	2.422	24.713	3.617	3.735
1377	208.908	63.765	22.86	3.474	4.658	3.569	291.993	2.428	25.719	3.232	3.372
1377.125	204.336	63.671	22.841	3.288	4.577	3.398	286.393	2.441	26.292	3.147	3.282
1377.25	184.773	63.308	22.823	3.526	4.052	3.585	312.941	2.466	26.753	3.104	3.342
1377.375	164.778	62.895	22.855	3.752	3.678	3.762	309.142	2.479	27.423	3.275	3.07001
1377.5	135.534	62.079	22.95	4.132	5.506	4.036	251.63	2.477	29.348	5.2	6.001
1377.625	121.094	61.431	23.022	4.296	5.434	4.131	267.853	2.459	30.56	5.072	5.608
1377.75	110.318	60.266	23.129	4.639	5.543	4.375	280.977	2.428	30.136	5.457	5.971
1377.875	108.315	59.241	23.207	4.355	5.52699	4.185	289.17	2.413	28.531	4.98599	5.54799
1378	107.248	56.946	23.282	3.875	5.63401	3.821	287.553	2.413	25.249	4.302	4.49
1378.125	105.677	54.75	23.238	3.901	5.545	3.844	289.601	2.419	23.682	4.43	5.004
1378.25	100.679	50.454	22.98	4.453	4.449	4.275	277.007	2.401	24.071	3.917	3.916
1378.375	96.317	47.141	22.644	4.929	4.95501	4.664	271.427	2.365	25.764	4.815	4.279
1378.5	88.9	41.928	22.143	5.846	5.59701	5.289	284.729	2.305	28.263	5.927	4.49
1378.625	84.723	38.606	21.9	6.796	6.668	5.907	289.624	2.276	28.62	6.055	4.762
1378.75	81.18	34.438	21.717	7.428	6.641	6.454	289.718	2.254	27.311	5.97	4.732
1378.875	80.095	32.402	21.689	7.293	6.988	6.392	296.841	2.248	26.214	6.44	5.004
1379	79.547	30.4	21.665	7.199	6.89001	6.364	302.805	2.237	25.92	6.398	5.215
1379.125	79.586	29.521	21.648	7.173	7.68099	6.33	297.385	2.227	26.601	6.098	5.004
1379.25	79.539	28.641	21.623	7.477	6.51701	6.54	300.053	2.216	27.535	6.483	5.095
1379.375	80.039	28.313	21.624	7.866	8.859	6.75	297.149	2.208	27.465	6.227	5.095
1379.5	81.064	28.29	21.65	8.064	6.71701	6.824	310.086	2.189	26.708	6.44	5.125
1379.625	82.382	28.529	21.725	7.28	8.793	6.236	315.96	2.192	26.518	6.569	5.064
1379.75	85.748	28.951	21.87	6.509	8.552	5.721	308.517	2.24	27.037	6.013	4.823
1379.875	86.784	29.082	21.956	6.241	7.87399	5.595	296.546	2.274	27.633	5.371	4.641
1380	85.053	28.834	21.996	5.778	5.581	5.334	281.883	2.287	27.564	4.772	4.007
1380.125	81.065	28.339	21.905	5.97	6.37401	5.457	301.331	2.269	26.903	5.756	4.279
1380.25	74.577	27.124	21.754	7.45601	8.52899	6.312	300.253	2.225	26.577	6.098	4.792
1380.375	72.434	26.222	21.677	8.751	7.07202	7.431	307.301	2.199	27.312	6.78301	5.27601
1380.5	72.722	25.413	21.669	9.483	10.011	8.212	312.303	2.178	28.04	7.21	5.82
1380.625	74.825	25.638	21.716	9.372	10.059	8.217	314.219	2.179	27.737	7.082	5.608
1380.75	78.317	27.458	21.767	8.29	9.61699	7.343	309.706	2.208	27.127	6.612	5.246
1380.875	81.098	29.699	21.804	7.467	8.192	6.748	310.064	2.242	26.393	6.44	5.246
1381	87.772	34.532	21.953	6.592	6.836	5.973	296.469	2.287	25.186	5.585	4.853
1381.125	93.549	38.575	22.144	6.002	7.61	5.521	289.222	2.306	24.602	5.628	4.611
1381.25	103.8	45.226	22.552	4.831	7.072	4.616	294.783	2.333	25.372	5.328	4.641
1381.375	110.818	49.581	22.846	4.289	5.85199	4.162	304.26	2.351	26.575	4.34399	4.309
1381.5	118.607	55.337	23.134	3.463	3.382	3.463	355.713	2.373	27.553	2.548	2.496
1381.625	121.534	58.409	23.25	3.07	3.378	3.112	366.382	2.383	27.385	2.462	2.466
1381.75	121.296	61.623	23.329	2.955	3.477	2.961	329.313	2.393	26.429	2.505	2.375
1381.875	118.969	62.845	23.405	3.228	3.418	3.147	291.232	2.399	26.253	2.676	2.526
1382	113.671	63.73	23.608	3.693	4.781	3.502	226.089	2.416	26.739	3.66	3.614
1382.125	110.478	63.987	23.735	3.831	4.868	3.632	257.826	2.436	27.056	3.959	4.128
1382.25	111.249	64.24	23.778	3.737	4.092	3.608	293.946	2.455	27.386	3.104	3.1
1382.375	114.509	64.332	23.673	3.417	3.71	3.395	323.754	2.449	27.267	2.591	2.556
1382.5	118.965	64.217	23.463	2.891	3.452	2.958	374.319	2.429	26.931	2.291	2.315
1382.625	119.118	63.825	23.399	2.817	3.371	2.9	361.388	2.432	27.113	2.334	2.405
1382.75	112.238	62.769	23.506	3.238	3.379	3.239	287.959	2.461	27.522	2.591	2.587
1382.875	105.903	61.97	23.695	3.814	3.922	3.694	218.93	2.472	26.746	3.232	3.07
1383	99.959	61.08	23.851	4.656	4.662	4.331	253.181	2.45	24.045	4.173	3.402
1383.125	99.492	60.857	23.863	4.921	4.9	4.526	273.31	2.423	22.845	4.344	3.372
1383.25	104.41	61.107	23.661	4.463	4.945	4.185	293.752	2.399	23.119	3.27499	3.221
1383.375	108.52	61.654	23.473	3.825	4.647	3.7	307.982	2.4	24.378	2.591	2.466
1383.5	113.053	62.803	23.333	3.114	3.486	3.085	374.835	2.428	26.573	2.248	2.284
1383.625	114.55	63.528	23.36	2.916	3.377	2.882	348.218	2.456	27.38	2.377	2.375
1383.75	114.574	64.181	23.599	2.975	4.159	2.885	242.91	2.491	26.846	2.847	2.889
1383.875	112.936	64.278	23.786	3.323	3.907	3.145	261.532	2.501	25.937	2.89	2.859
1384	107.714	64.149	23.996	3.901	4.146	3.596	280.647	2.484	25.619	3.318	3.1
1384.125	104.207	63.998	24.064	4.022	5.25701	3.712	276.836	2.466	25.864	4.045	3.795
1384.25	100.007	63.804	24.12	4.105	5.98899	3.796	283.7	2.458	26.099	4.644	4.853
1384.375	98.66	63.718	24.154	4.356	4.513	4.003	287.239	2.463	25.683	4.002	4.007
1384.5	98.342	63.711	24.222	4.398	3.929	4.058	277.431	2.472	24.382	3.703	3.161
1384.625	98.129	63.815	24.284	4.316	4.61201	3.986	274.121	2.476	23.473	4.943	4.853
1384.75	100.489	64.067	24.332	4.371	5.241	4.013	277.221	2.488	22.737	4.94299	4.91299
1384.875	103.13	64.28	24.288	4.495	5.144	4.1	284.438	2.493	22.821	4.088	3.856
1385	107.173	64.652	24.019	4.245	4.471	3.927	280.716	2.483	23.421	3.446	3.07
1385.125	110.288	64.939	23.731	3.976	4.528	3.705	272.848	2.466	24.292	3.574	3.282
1385.25	113.158	65.355	23.173	3.703	4.142	3.479	286.822	2.435	25.41	3.361	3.161
1385.375	114.873	65.586	22.863	3.607	3.713	3.4	304.479	2.437	25.673	2.762	2.496
1385.5	116.066	65.892	22.567	3.506	3.85	3.337	288.111	2.473	26.067	2.548	2.436
1385.625	116.169	66.084	22.467	3.52	3.807	3.338	270.165	2.495	27.019	2.719	2.526
1385.75	116.631	66.378	22.434	3.658	4.332	3.423	281.74	2.507	28.245	3.147	2.979
1385.875	116.56	66.56	22.444	3.703	4.211	3.467	266.434	2.516	27.998	3.147	3.07
1386	117.724	66.811	22.445	3.661	3.908	3.444	280.853	2.529	27.079	2.719	2.617
1386.125	118.676	66.969	22.46	3.551	3.823	3.361	293.407	2.508	26.954	2.591	2.556
1386.25	119.76	67.157	22.47	3.309	3.793	3.197	320.078	2.467	27.272	2.548	2.526
1386.375	120.44	67.24	22.443	3.222	3.507	3.115	324.907	2.474	27.295	2.548	2.466
1386.5	120.864	67.269	22.404	3.243	3.628	3.126	289.758	2.527	27.87	2.633	2.556
1386.625	120.353	67.248	22.36	3.3	3.619	3.174	293.839	2.548	28.279	2.633	2.556
1386.75	119.586	67.192	22.321	3.436	4.056	3.305	270.735	2.531	27.937	2.89	2.738
1386.875	120.403	67.153	22.303	3.526	4.392	3.391	280.934	2.509	27.468	2.976	2.798
1387	123.189	67.115	22.289	3.678	4.322	3.513	280.85	2.49	26.873	3.018	2.919
1387.125	125.365	67.088	22.287	3.671	4.296	3.526	285.371	2.489	26.514	2.933	2.798
1387.25	125.777	67.06	22.32	3.551	4.195	3.45	284.324	2.483	26.009	2.976	2.889
1387.375	124.395	67.022	22.384	3.532	4.026	3.432	297.147	2.48	25.991	2.804	2.707
1387.5	121.623	66.935	22.523	3.574	3.769	3.459	317.124	2.487	25.831	2.804	2.677
1387.625	119.321	66.871	22.634	3.589	3.892	3.46	287.848	2.496	25.74	2.976	2.859
1387.75	117.875	66.804	22.752	3.698	4.562	3.519	285.842	2.516	26.923	3.361	3.402
1387.875	117.564	66.795	22.814	3.764	4.566	3.55	294.571	2.527	27.98	3.275	3.312
1388	118.784	66.787	22.837	3.664	4.372	3.452	298.44	2.526	27.84	3.061	3.07
1388.125	120.792	66.747	22.867	3.489	4.199	3.293	300.632	2.505	27.05	2.847	2.828
1388.25	121.491	66.428	22.903	3.334	3.847	3.127	307.109	2.472	27.028	2.548	2.345
1388.375	120.437	65.859	22.892	3.267	3.807	3.064	327.019	2.467	27.153	2.633	2.315
1388.5	116.723	63.952	22.903	3.022	4.31	2.875	284.259	2.475	25.674	2.933	2.768
1388.625	111.611	61.704	22.792	3.036	4.738	2.894	283.896	2.474	24.308	3.147	3.251
1388.75	100.582	56.887	22.522	3.448	4.111	3.278	292.352	2.449	23.127	3.018	2.496
1388.875	92.476	53.008	22.238	3.814	4.68101	3.648	281.522	2.418	22.923	3.403	2.556
1389	80.969	46.954	21.728	4.458	7.031	4.269	290.391	2.362	23.165	4.772	3.584
1389.125	75.278	43.187	21.454	5.23001	7.087	4.92401	288.646	2.325	23.979	5.285	3.825
1389.25	70.471	38.809	21.164	7.50401	9.372	6.61901	299.803	2.282	24.886	5.713	4.158
1389.375	69.185	37.24	21.079	8.97501	8.21	8.04001	299.532	2.264	24.745	6.141	4.52
1389.5	68.761	37.349	21.096	11.66	11.623	10.321	291.104	2.25	24.395	7.039	5.034
1389.625	70.34	39.024	21.239	12.528	13.466	11.108	290.986	2.241	24.354	7.168	5.095
1389.75	77.872	43.337	21.632	10.106	14.835	8.91499	299.788	2.255	24.555	6.74	5.215
1389.875	86.5771	46.923	22.049	7.10299	9.73697	6.68499	307.231	2.3	24.65	5.19999	4.73199
1390	101.866	52.511	22.788	4.44399	3.873	4.53499	307.705	2.393	25.784	2.89	2.194
1390.125	109.977	55.969	23.221	3.443	3.661	3.636	294.43	2.451	26.799	2.676	2.073
1390.25	115.386	60.216	23.746	2.767	3.528	2.897	298.462	2.514	27.53	2.762	2.466
1390.375	113.841	62.178	23.852	2.867	3.665	2.889	283.585	2.534	27.775	2.847	2.345
1390.5	109.278	63.834	23.774	3.362	3.874	3.258	268.716	2.519	27.642	2.804	2.375
1390.625	107.056	64.313	23.594	3.631	4.142	3.5	274.577	2.5	26.956	3.104	2.436
1390.75	104.726	64.576	23.295	3.88	4.618	3.777	280.723	2.499	25.683	3.746	3.554
1390.875	105.974	64.615	23.159	3.963	4.632	3.9	276.331	2.508	25.085	3.703	3.433
1391	111.169	64.556	23.037	3.849	4.523	3.892	275.899	2.513	25.181	3.703	3.614
1391.125	114.634	64.458	22.997	3.719	4.461	3.822	282.979	2.512	25.842	3.617	3.523
1391.25	117.605	64.167	22.963	3.627	4.411	3.761	284.653	2.513	26.92	3.532	3.191
1391.375	116.273	63.838	22.952	3.615	4.75	3.762	286.93	2.515	26.863	3.532	3.312
1391.5	110.096	63.107	22.969	3.679	4.851	3.813	281.144	2.505	25.763	3.532	3.282
1391.625	105.805	62.49	22.993	3.779	5.024	3.904	277.515	2.484	25.532	3.617	3.191
1391.75	102.097	61.451	23.017	3.921	5.077	4.006	279.458	2.45	25.826	3.831	2.97901
1391.875	101.648	60.626	23.033	3.893	5.186	3.965	278.494	2.435	25.591	4.216	4.218
1392	103.345	58.901	23.056	3.739	6.02599	3.865	298.031	2.43	24.335	4.344	4.369
1392.125	104.444	57.15	23.059	3.755	4.743	3.866	293.283	2.432	23.467	3.788	3.614
1392.25	101.816	53.41	22.914	3.972	4.607	4.044	277.658	2.431	23.212	3.831	3.705
1392.375	97.073	50.16	22.737	4.01	4.589	4.098	260.861	2.427	23.379	3.831	3.463
1392.5	88.173	44.341	22.292	4.298	6.39101	4.34	250.694	2.401	23.251	4.302	3.282
1392.625	82.135	40.021	22.015	4.557	6.87299	4.572	265.675	2.364	22.932	4.687	3.493
1392.75	74.974	33.404	21.702	4.801	6.862	4.797	273.795	2.295	22.731	4.729	3.614
1392.875	71.03	29.26	21.572	4.865	7.653	4.872	288.592	2.257	22.838	5.243	3.977
1393	66.088	23.746	21.531	5.143	7.528	5.098	289.892	2.223	23.286	5.029	3.674
1393.125	64.438	20.586	21.53	5.377	9.31301	5.291	290.96	2.205	24.111	4.9	3.463
1393.25	63.059	16.5	21.607	5.587	10.506	5.475	301.514	2.179	25.449	5.371	3.674
1393.375	62.284	14.161	21.677	5.728	10.16	5.601	303.312	2.171	25.731	5.414	3.705
1393.5	62.247	11.137	21.777	5.876	10.167	5.745	298.369	2.171	25.2	5.585	3.765
1393.625	62.687	9.42499	21.825	5.892	9.783	5.784	289.656	2.172	25.086	5.67	3.825
1393.75	63.929	7.35299	21.859	5.871	9.348	5.798	288.288	2.172	25.547	5.67	4.037
1393.875	64.652	6.32399	21.863	5.904	9.151	5.835	284.616	2.173	25.944	5.799	4.007
1394	64.313	5.356	21.883	6.039	8.35899	5.952	287.298	2.173	26.618	5.756	3.916
1394.125	63.767	5.138	21.914	6.163	7.763	6.054	292.224	2.174	26.806	5.628	3.795
1394.25	62.428	5.524	21.984	6.301	7.495	6.17	283.826	2.178	25.784	5.542	3.614
1394.375	61.438	6.36601	22.039	6.555	7.894	6.372	285.077	2.184	24.617	5.499	3.554
1394.5	61.979	8.67401	22.09	7.169	8.536	6.809	302.411	2.194	24.066	5.457	3.705
1394.625	63.774	11.01	22.1	7.459	8.586	7.005	304.971	2.202	24.601	5.499	3.674
1394.75	69.012	15.436	22.171	6.78799	8.76199	6.47199	305.243	2.211	24.874	5.285	3.402
1394.875	73.249	18.556	22.225	5.91	8.09501	5.809	290.904	2.224	24.531	5.243	3.372
1395	77.382	22.673	22.272	5.455	9.34098	5.489	279.707	2.28	23.827	5.285	3.584
1395.125	77.999	24.746	22.27	5.383	6.42699	5.433	257.66	2.318	23.354	4.558	3.463
1395.25	76.722	26.725	22.025	5.518	8.82701	5.498	288.532	2.316	23.208	4.986	3.312
1395.375	74.579	27.217	21.877	5.95301	9.173	5.758	293.279	2.278	24.16	5.371	3.674
1395.5	72.855	26.934	21.714	7.542	9.43301	6.954	281.969	2.23	25.857	5.499	3.705
1395.625	73.064	26.436	21.685	7.952	10.85	7.403	275.832	2.224	25.502	5.457	3.705
1395.75	72.889	25.926	21.734	7.786	10.748	7.388	272.579	2.237	23.498	5.371	3.554
1395.875	73.387	25.935	21.75	7.515	10.541	7.213	271.889	2.245	22.997	5.371	3.584
1396	73.886	26.415	21.739	7.325	13.563	7.065	272.95	2.253	23.899	5.542	3.674
1396.125	73.745	27.01	21.715	7.329	13.515	7.084	280.78	2.256	24.471	5.628	3.765
1396.25	74.556	28.298	21.69	7.033	10.605	6.836	282.738	2.266	24.215	5.542	3.674
1396.375	75.14	29.466	21.696	6.948	10.832	6.693	280.894	2.277	23.847	5.542	3.705
1396.5	76.209	31.874	21.756	7.90101	9.40998	7.37301	270.201	2.296	24.042	5.2	3.523
1396.625	77.369	34.018	21.83	8.767	7.32401	8.062	265.432	2.298	24.484	5.072	3.402
1396.75	79.29	37.916	22.08	8.09599	13.49	7.34899	269.474	2.287	25.91	5.24301	3.342
1396.875	81.281	40.612	22.319	6.85799	16.264	6.318	272.702	2.295	26.875	5.713	3.584
1397	85.53	44.027	22.672	5.74799	11.4079	5.511	278.429	2.356	26.966	5.02899	3.795
1397.125	87.522	45.631	22.794	5.02299	5.235	5.012	264.509	2.409	25.959	4.045	3.433
1397.25	87.468	47.029	22.686	4.03	5.603	4.211	257.829	2.436	24.349	4.216	3.463
1397.375	85.791	47.437	22.515	3.961	5.73601	4.06	267.748	2.399	23.841	4.131	2.919
1397.5	83.585	47.607	22.375	4.548	8.239	4.444	284.574	2.309	23.056	4.687	3.402
1397.625	84.499	47.778	22.445	4.833	6.838	4.662	287.092	2.273	22.647	4.558	3.402
1397.75	88.579	48.783	22.744	4.983	5.871	4.82	288.525	2.284	22.688	4.815	4.218
1397.875	92.236	50.143	22.915	4.729	5.96101	4.646	280.232	2.335	22.686	4.9	4.369
1398	98.179	52.992	22.959	4.243	6.20399	4.262	276.49	2.424	22.346	4.772	4.369
1398.125	102.036	55.096	22.865	3.906	5.27599	3.95	278.057	2.44	22.674	4.17299	4.128
1398.25	108.458	58.111	22.624	3.397	3.99399	3.481	326.085	2.381	24.961	3.018	2.798
1398.375	113.355	59.874	22.512	3.007	3.311	3.127	380.251	2.324	27.319	2.334	2.254
1398.5	120.729	62.083	22.449	2.578	3.098	2.667	391.384	2.281	30.73	2.12	2.012
1398.625	124.168	63.227	22.459	2.426	3.115	2.489	364.556	2.278	32.804	1.992	1.952
1398.75	124.689	64.434	22.507	2.382	3.141	2.378	332.936	2.296	36.117	1.906	1.922
1398.875	123.579	64.945	22.524	2.424	3.103	2.391	337.707	2.31	37.728	1.821	1.831
1399	122.114	65.398	22.565	2.463	3.039	2.413	340.176	2.326	38.479	1.906	1.892
1399.125	121.524	65.594	22.588	2.479	3.069	2.428	308.706	2.343	38.26	2.163	2.073
1399.25	122.988	65.803	22.559	2.526	3.45	2.469	279.69	2.368	36.844	2.035	2.073
1399.375	124.19	65.906	22.491	2.546	3.238	2.498	301.218	2.378	34.992	2.077	2.164
1399.5	125.224	66.016	22.369	2.479	3.272	2.445	286.365	2.364	31.859	2.035	1.982
1399.625	125.091	66.059	22.296	2.419	3.396	2.394	299.636	2.347	31.105	2.077	2.073
1399.75	121.926	66.086	22.305	2.486	3.099	2.465	368.917	2.359	32.13	1.906	2.012
1399.875	119.719	66.076	22.364	2.608	3.324	2.577	348.44	2.397	32.024	1.863	1.892
1400	118.175	66.078	22.467	2.732	3.337	2.714	277.023	2.456	29.391	2.847	2.707
1400.125	118.192	66.115	22.504	2.825	3.686	2.816	254.165	2.47	27.666	2.847	2.828
1400.25	118.34	66.241	22.515	2.98	3.517	2.966	347.345	2.449	28.211	2.633	2.617
1400.375	118.12	66.379	22.508	2.947	3.3	2.966	368.232	2.416	29.677	2.505	2.496
1400.5	119.175	66.638	22.458	2.757	3.283	2.803	343.892	2.366	31.525	2.419	2.375
1400.625	121.361	66.836	22.41	2.683	3.292	2.722	344.684	2.36	32.259	2.248	2.133
1400.75	123.495	67.107	22.335	2.623	3.142	2.66	346.231	2.39	31.798	2.291	2.254
1400.875	123.079	67.257	22.296	2.61	3.2	2.636	319.953	2.395	30.368	2.291	2.224
1401	122.6	67.407	22.341	2.645	3.397	2.627	304.314	2.372	28.41	2.163	2.103
1401.125	122.411	67.505	22.426	2.653	3.32	2.631	311.907	2.367	28.719	2.12	2.103
1401.25	123.686	67.627	22.616	2.532	3.537	2.513	310.705	2.408	31.814	2.334	2.556
1401.375	124.572	67.705	22.736	2.511	3.516	2.478	332.599	2.433	33.399	2.163	2.254
1401.5	124.778	67.822	22.798	2.537	3.134	2.471	330.718	2.42	31.969	1.992	1.952
1401.625	126.273	67.903	22.782	2.488	3.527	2.382	316.954	2.391	29.459	2.077	2.254
1401.75	127.985	68.032	22.712	2.358	3.93199	2.218	316.803	2.36	27.404	2.163	2.496
1401.875	127.708	68.117	22.676	2.419	3.223	2.227	358	2.37	27.795	2.035	2.164
1402	125.608	68.238	22.737	2.447	3.059	2.272	376.341	2.409	29.263	1.863	1.98201
1402.125	123.141	68.31	22.827	2.259	3.71102	2.101	341.253	2.437	30.12	2.37701	3.13102
1402.25	120.42	68.4	22.973	2.142	3.429	1.997	301.883	2.458	30.042	1.99199	2.76799
1402.375	119.89	68.447	23.053	2.109	3.38301	1.976	346.587	2.46	29.883	1.521	1.922
1402.5	119.939	68.496	23.068	2.147	3.134	2.077	342.762	2.46	30.608	1.692	1.982
1402.625	120.317	68.516	23.027	2.081	3.31201	2.03	342.689	2.448	31.313	1.863	2.133
1402.75	121.176	68.531	22.9	2.337	3.72	2.299	306.251	2.417	30.263	2.505	2.70699
1402.875	121.305	68.534	22.771	2.452	3.341	2.427	330.231	2.397	28.937	2.12	2.194
1403	122.401	68.529	22.563	2.617	3.454	2.634	352.14	2.39	28.238	1.949	1.982
1403.125	123.907	68.52	22.444	2.595	3.124	2.656	364.37	2.399	28.606	1.821	1.771
1403.25	125.588	68.498	22.339	2.491	3.319	2.612	344.068	2.404	29.602	1.906	1.922
1403.375	125.639	68.478	22.361	2.421	3.462	2.569	314.998	2.391	30.004	2.077	2.073
1403.5	123.722	68.446	22.469	2.419	3.159	2.578	339.607	2.37	30.152	1.863	1.922
1403.625	122.846	68.427	22.557	2.493	3.203	2.638	332.347	2.378	29.896	1.863	2.012
1403.75	125.688	68.412	22.595	2.511	3.32	2.626	342.626	2.409	30.309	2.035	2.194
1403.875	129.742	68.418	22.571	2.437	3.245	2.538	318.316	2.411	30.846	2.334	2.436
1404	137.642	68.457	22.486	2.267	3.047	2.354	304.741	2.377	31.429	1.778	1.952
1404.125	144.059	68.506	22.459	2.239	3.245	2.311	304.486	2.353	32.233	1.863	2.012
1404.25	151.877	68.606	22.502	2.082	3.343	2.122	336.163	2.353	33.4	1.607	1.861
1404.375	156.564	68.686	22.555	2.078	2.942	2.084	362.506	2.373	33.505	1.607	1.922
1404.5	160.426	68.807	22.649	2.049	3.081	2.027	346.219	2.397	32.532	1.735	1.952
1404.625	157.763	68.88	22.715	2.081	3.386	2.048	341.897	2.404	32.479	1.863	2.103
1404.75	147.907	68.961	22.833	2.045	3.147	2.014	340.938	2.41	32.479	1.821	2.043
1404.875	139.865	68.989	22.919	1.983	3.242	1.936	332.88	2.415	32.189	1.65	1.952
1405	128.73	68.988	23.026	1.833	3.057	1.821	335.055	2.426	32.148	1.564	1.801
1405.125	123.298	68.958	23.071	1.873	3.044	1.87	360.44	2.44	31.796	1.821	1.892
1405.25	116.767	68.875	23.098	2.282	3.284	2.286	344.927	2.462	30.248	1.65	2.043
1405.375	113.416	68.798	23.085	2.395	3.34302	2.424	315.101	2.478	28.536	2.59102	3.10003
1405.5	113.258	68.661	23.061	2.665	5.02798	2.694	275.435	2.489	26.897	3.87398	5.72896
1405.625	116.303	68.559	23.015	2.653	3.598	2.739	324.164	2.464	26.533	2.46199	2.707
1405.75	122.436	68.401	22.936	2.353	3.262	2.556	326.814	2.372	27.8	1.778	2.16399
1405.875	124.615	68.3	22.866	1.989	2.853	2.206	369.56	2.316	30.744	1.607	1.71
1406	124.964	68.167	22.795	1.824	2.916	2.004	356.39	2.293	35.53	1.478	1.589
1406.125	124.115	68.099	22.706	1.839	2.972	2.005	334.945	2.296	37.089	1.778	1.741
1406.25	122.763	68.041	22.596	1.97	3.002	2.129	346.02	2.29	36.782	1.863	1.922
1406.375	122.544	68.037	22.549	2.119	2.933	2.316	344.455	2.291	35.264	1.906	2.012
1406.5	121.95	68.086	22.518	2.237	3.004	2.431	375.54	2.311	33.542	1.821	1.831
1406.625	121.293	68.152	22.576	2.238	3.101	2.43	344.243	2.32	33.366	1.821	1.861
1406.75	119.925	68.287	22.644	2.089	2.996	2.275	343.269	2.309	35.66	1.564	1.741
1406.875	119.252	68.391	22.676	1.99	2.897	2.182	386.26	2.298	37.094	1.564	1.68
1407	118.877	68.548	22.697	1.865	2.856	2.036	342.23	2.307	37.127	1.65	1.71
1407.125	117.431	68.644	22.707	1.884	2.89	2.038	314.768	2.341	36.388	1.564	1.741
1407.25	114.596	68.763	22.692	2.104	3.11601	2.225	330.365	2.415	33.435	1.692	2.073
1407.375	113.351	68.822	22.674	2.217	3.80401	2.31	312.807	2.441	30.971	2.035	2.556
1407.5	112.905	68.874	22.623	2.305	3.112	2.379	314.274	2.416	28.884	2.035	2.164
1407.625	114.313	68.884	22.607	2.169	3.315	2.247	344.993	2.397	29.656	1.906	2.012
1407.75	115.001	68.859	22.655	2.136	3.2	2.203	325.603	2.44	31.754	1.821	2.043
1407.875	113.157	68.815	22.686	2.257	3.145	2.304	335.163	2.503	31.805	1.906	2.103
1408	108.882	68.708	22.727	2.346	5.08606	2.398	298.978	2.556	29.682	5.11404	5.30607
1408.125	107.478	68.613	22.723	2.369	5.56697	2.418	252.383	2.543	28.072	9.905	12.347
1408.25	110.6	68.443	22.689	2.572	4	2.62	323.868	2.492	26.605	2.163	2.94899
1408.375	114.928	68.322	22.645	2.742	3.379	2.835	323.621	2.452	27.242	1.821	2.28399
1408.5	120.946	68.147	22.525	2.342	3.18	2.461	350.012	2.398	31.12	1.992	1.952
1408.625	123.85	68.047	22.393	2.239	3.251	2.362	334.837	2.366	34.505	2.163	2.133
1408.75	125.799	67.938	22.23	2.316	3.027	2.476	361.226	2.329	37.237	1.906	1.952
1408.875	126.014	67.897	22.165	2.39	2.982	2.595	339.615	2.313	36.56	1.821	1.861
1409	124.901	67.883	22.156	2.382	3.058	2.64	315.801	2.321	33.643	1.906	1.861
1409.125	122.714	67.9	22.208	2.362	3.069	2.651	329.084	2.345	31.775	1.949	1.982
1409.25	121.165	67.954	22.243	2.294	2.802	2.598	318.357	2.368	31.352	1.863	1.952
1409.375	121.844	68	22.274	2.252	2.877	2.548	357.914	2.365	33.521	1.692	1.741
1409.5	122.067	68.072	22.33	2.212	2.825	2.509	352.733	2.345	35.645	1.564	1.65
1409.625	121.172	68.116	22.382	2.318	3.049	2.604	330.353	2.337	34.078	1.692	1.831
1409.75	117.908	68.173	22.491	2.582	3.25	2.872	312.015	2.344	30.454	2.035	2.012
1409.875	116.382	68.2	22.536	2.622	3.786	2.874	294.155	2.36	30.462	2.248	2.284
1410	119.471	68.222	22.552	2.642	3.074	2.82	309.002	2.368	32.668	1.863	2.012
1410.125	123.272	68.219	22.562	2.533	2.878	2.661	363.248	2.349	32.851	1.564	1.589
1410.25	126.198	68.179	22.566	2.139	3.045	2.204	332.584	2.325	32.12	1.821	1.831
1410.375	124.339	68.122	22.583	1.788	2.915	1.828	323.434	2.339	32.295	1.821	1.801
1410.5	114.186	67.986	22.631	1.85301	3.25301	1.87001	343.747	2.4	34.039	1.735	1.952
1410.625	104.964	67.864	22.655	2.55101	3.22	2.51001	339.903	2.442	33.821	1.77801	2.01201
1410.75	93.174	67.645	22.706	3.648	10.2901	3.445	270.152	2.501	30.016	6.14104	6.54505
1410.875	88.854	67.489	22.725	3.962	11.905	3.705	167.597	2.536	26.413	9.73397	10.836
1411	90.899	67.266	22.738	4.66401	5.13999	4.25401	225.296	2.534	22.709	3.48898	4.21797
1411.125	96.4491	67.14	22.71	5.514	3.85699	5.022	277.906	2.49	22.2	2.163	2.37499
1411.25	106.65	67.002	22.673	3.95099	10.293	3.99799	258.24	2.411	23.375	2.80401	2.40502
1411.375	112.873	66.948	22.676	2.912	5.29998	3.04399	230.333	2.371	25.115	3.83098	4.27898
1411.5	118.789	66.916	22.683	2.526	3.177	2.542	353.06	2.313	27.85	2.206	2.164
1411.625	120.41	66.92	22.72	2.617	2.983	2.613	362.216	2.292	28.917	2.077	2.073
1411.75	120.792	66.945	22.732	2.211	2.85	2.262	357.756	2.325	30.589	1.778	1.65
1411.875	119.852	66.965	22.731	2.109	3.235	2.156	307.885	2.37	32.21	1.992	1.982
1412	118.618	66.994	22.715	2.413	3.201	2.434	306.799	2.399	32.553	1.992	1.74101
1412.125	118.334	67.013	22.699	2.89901	3.34201	2.902	300.535	2.407	30.801	2.334	2.164
1412.25	117.398	67.047	22.708	3.359	3.59701	3.338	271.429	2.434	28.511	2.97601	3.1
1412.375	117.428	67.077	22.691	3.185	4.736	3.192	273.663	2.428	28.969	3.275	3.01
1412.5	118.951	67.14	22.663	2.981	3.066	3.03	358.516	2.36	31.472	2.24799	2.25399
1412.625	121.088	67.195	22.611	2.726	2.823	2.808	410.977	2.312	32.553	1.735	1.801
1412.75	124.404	67.297	22.505	2.218	2.823	2.28	342.309	2.287	33.324	1.65	1.741
1412.875	125.359	67.376	22.464	2.01	3.01	2.024	323.014	2.284	34.01	1.564	1.589
1413	125.531	67.509	22.448	2.168	2.936	2.093	331.372	2.291	36.175	1.735	1.741
1413.125	124.632	67.605	22.469	2.249	2.959	2.168	332.16	2.307	37.464	1.778	1.831
1413.25	121.665	67.755	22.57	2.309	3.037	2.198	319.93	2.344	36.918	1.735	1.801
1413.375	119.621	67.854	22.638	2.357	2.916	2.22	324.923	2.357	35.78	1.692	1.771
1413.5	117.224	67.993	22.718	2.337	3.011	2.182	341.982	2.349	35.801	1.65	1.831
1413.625	116.05	68.075	22.755	2.3	2.933	2.145	326.177	2.335	37.596	1.607	1.65
1413.75	116.65	68.177	22.702	2.249	3.006	2.074	346.545	2.329	39.801	1.478	1.529
1413.875	118.103	68.229	22.646	2.261	3.042	2.07	322.055	2.336	39.931	1.692	1.741
1414	119.375	68.283	22.621	2.22	2.887	2.027	342.583	2.342	38.362	1.65	1.68
1414.125	119.743	68.307	22.633	2.33	2.952	2.113	346.224	2.348	36.978	1.65	1.71
1414.25	118.215	68.325	22.735	2.554	2.96501	2.315	347.839	2.375	35.224	1.735	1.68
1414.375	116.689	68.327	22.78	2.724	3.65899	2.461	322.764	2.392	33.658	1.863	1.77101
1414.5	117.474	68.312	22.797	2.835	3.486	2.558	276.143	2.399	31.858	2.334	2.284
1414.625	119.113	68.29	22.776	2.778	3.332	2.503	287.998	2.395	31.774	2.035	2.34499
1414.75	121.867	68.233	22.748	2.568	2.969	2.357	339.695	2.384	32.84	1.778	1.741
1414.875	122.968	68.18	22.726	2.359	2.973	2.172	369.527	2.374	33.106	1.735	1.71
1415	122.144	68.085	22.707	2.292	2.968	2.082	336.51	2.364	33.715	1.735	1.71
1415.125	120.935	68.017	22.695	2.444	3.064	2.184	317.281	2.389	34.52	1.863	1.952
1415.25	119.49	67.927	22.641	2.772	3.37701	2.464	276.84	2.429	34.612	2.633	2.64701
1415.375	119.621	67.882	22.617	2.833	3.743	2.523	256.927	2.431	34.153	2.89	3.19099
1415.5	121.403	67.854	22.601	2.857	3.55399	2.525	326.773	2.39	33.465	2.54799	2.97899
1415.625	122.666	67.865	22.631	2.793	3.008	2.489	357.432	2.351	32.555	1.778	1.861
1415.75	124.215	67.927	22.677	2.416	3.207	2.174	331.177	2.312	31.424	1.735	1.741
1415.875	124.71	67.995	22.717	2.325	2.991	2.071	357.249	2.295	31.469	1.735	1.801
1416	124.842	68.13	22.719	2.374	2.965	2.072	363.677	2.293	32.064	1.735	1.801
1416.125	125.045	68.234	22.758	2.424	3.023	2.084	342.17	2.309	32.794	1.607	1.741
1416.25	124.777	68.398	22.851	2.425	3.128	2.063	338.006	2.342	34.176	1.906	1.952
1416.375	124.458	68.506	22.904	2.428	2.892	2.071	345.131	2.367	34.349	1.821	1.801
1416.5	124.753	68.653	22.936	2.31	2.921	1.99	366.596	2.398	33.113	1.735	1.831
1416.625	124.824	68.734	22.876	2.184	3.021	1.871	334.186	2.402	31.745	1.735	1.922
1416.75	124.281	68.82	22.798	2.112	2.991	1.799	335.232	2.394	30.693	1.521	1.378
1416.875	123.031	68.853	22.779	2.097	3.111	1.815	342.5	2.408	31.028	1.564	1.71
1417	120.619	68.866	22.787	2.203	3.22601	1.938	331.975	2.445	31.501	1.778	1.861
1417.125	119.714	68.856	22.782	2.334	3.407	2.048	314.461	2.435	31.221	1.821	1.892
1417.25	119.283	68.828	22.702	2.555	3.80099	2.238	303.212	2.37	30.591	2.291	2.375
1417.375	119.791	68.809	22.636	2.682	3.206	2.367	331.08	2.338	32.085	2.163	2.224
1417.5	120.233	68.815	22.576	2.831	3.129	2.568	353.509	2.327	36.276	2.077	2.133
1417.625	119.857	68.829	22.592	2.771	3.156	2.573	348.03	2.331	38.113	1.992	2.012
1417.75	120.03	68.866	22.66	2.621	3.319	2.464	335.259	2.329	37.488	2.035	2.133
1417.875	120.719	68.9	22.68	2.586	3.211	2.44	329.718	2.325	35.553	2.035	2.073
1418	122.082	68.945	22.689	2.541	3.197	2.421	337.099	2.333	33.76	1.863	1.922
1418.125	123.037	68.974	22.675	2.503	3.071	2.385	322.123	2.347	33.959	1.992	1.952
1418.25	123.781	69.024	22.663	2.605	3.025	2.45	334.166	2.362	34.509	1.949	1.922
1418.375	123.814	69.061	22.681	2.624	3.19901	2.459	320.917	2.358	33.791	2.077	1.952
1418.5	123.301	69.124	22.689	2.642	3.39899	2.476	317.247	2.343	32.387	2.163	2.345
1418.625	122.464	69.172	22.693	2.684	3.06501	2.5	337.676	2.331	32.572	1.992	2.012
1418.75	121.651	69.254	22.672	2.655	3.097	2.45	327.531	2.311	34.203	1.863	1.952
1418.875	122.064	69.311	22.636	2.513	3.135	2.297	321.849	2.294	35.12	1.906	2.012
1419	123.004	69.397	22.605	2.365	3.171	2.139	324.98	2.278	35.848	1.949	2.012
1419.125	122.716	69.446	22.581	2.149	3.1	1.965	337.744	2.295	35.759	1.863	2.012
1419.25	119.88	69.501	22.614	2.015	3.201	1.837	338.637	2.385	34.694	1.735	2.012
1419.375	114.937	69.518	22.658	2.383	2.89	2.149	351.24	2.471	34.169	1.735	1.952
1419.5	105.681	69.514	22.693	2.756	4.05507	2.534	316.813	2.55	33.095	2.54802	2.46602
1419.625	101.156	69.494	22.715	2.829	12.8339	2.624	255.794	2.554	30.892	4.30201	4.18801
1419.75	98.772	69.445	22.729	3.495	3.68499	3.225	262.972	2.547	26.82	2.88999	3.43299
1419.875	101.297	69.408	22.733	3.746	3.26302	3.534	315.21	2.559	25.183	2.20601	2.315
